351 0 FBIS3-10551 1
351 0 FBIS3-10646 1
351 0 FBIS3-10697 1
351 0 FBIS3-11107 1
351 0 FBIS3-33035 1
351 0 FBIS3-33505 1
351 0 FBIS3-50570 1
351 0 FBIS3-59016 1
351 0 FBIS4-10762 1
351 0 FBIS4-34579 1
351 0 FBIS4-34996 1
351 0 FBIS4-35048 1
351 0 FBIS4-56243 1
351 0 FBIS4-56741 1
351 0 FBIS4-57354 1
351 0 FBIS4-64976 1
351 0 FT921-2097 1
351 0 FT921-6603 1
351 0 FT922-14936 1
351 0 FT922-15099 1
351 0 FT922-3165 1
351 0 FT922-8324 1
351 0 FT923-11890 1
351 0 FT931-16617 1
351 0 FT931-932 1
351 0 FT932-16710 1
351 0 FT932-6577 1
351 0 FT934-13429 1
351 0 FT934-13954 1
351 0 FT934-4629 1
351 0 FT934-4848 1
351 0 FT934-4856 1
351 0 FT941-13429 1
351 0 FT941-9999 1
351 0 FT942-12805 1
351 0 FT943-14758 1
351 0 FT943-15117 1
351 0 LA111290-0139 1
353 0 FBIS3-11379 1
353 0 FBIS3-21000 1
353 0 FBIS3-22312 1
353 0 FBIS3-22452 1
353 0 FBIS3-26694 1
353 0 FBIS3-43047 1
353 0 FBIS3-59748 1
353 0 FBIS3-59752 1
353 0 FBIS3-61405 1
353 0 FBIS3-61436 1
353 0 FBIS4-26294 1
353 0 FBIS4-46656 1
353 0 FBIS4-47305 1
353 0 FBIS4-66443 1
353 0 FBIS4-67490 1
353 0 FR940906-2-00078 1
353 0 FR941012-2-00099 1
353 0 FT911-122 1
353 0 FT911-1769 1
353 0 FT911-2315 1
353 0 FT911-2534 1
353 0 FT911-2897 1
353 0 FT911-4151 1
353 0 FT911-4261 1
353 0 FT911-4348 1
353 0 FT911-4349 1
353 0 FT911-558 1
353 0 FT921-10517 1
353 0 FT922-12600 1
353 0 FT924-16119 1
353 0 FT924-7120 1
353 0 FT934-13553 1
353 0 FT934-16572 1
353 0 FT942-3942 1
353 0 FT943-204 1
353 0 FT943-4590 1
353 0 LA022790-0002 1
353 0 LA030389-0098 1
353 0 LA030389-0109 1
353 0 LA030689-0003 1
353 0 LA031189-0060 1
353 0 LA031989-0166 1
353 0 LA032689-0066 1
353 0 LA040590-0149 1
353 0 LA040689-0058 1
353 0 LA043089-0098 1
353 0 LA053089-0093 1
353 0 LA071789-0043 1
353 0 LA100190-0054 1
353 0 LA100990-0079 1
353 0 LA102189-0067 1
353 0 LA102890-0027 1
353 0 LA111690-0059 1
353 0 LA121389-0103 1
353 0 LA121590-0066 1
353 0 LA123189-0091 1
355 0 FBIS3-21019 1
355 0 FBIS3-21238 1
355 0 FBIS3-21242 1
355 0 FBIS3-23689 1
355 0 FBIS3-23691 1
355 0 FBIS3-24511 1
355 0 FBIS3-40210 1
355 0 FBIS3-40357 1
355 0 FBIS3-40388 1
355 0 FBIS3-42525 1
355 0 FBIS3-42526 1
355 0 FBIS3-42527 1
355 0 FBIS3-59750 1
355 0 FBIS3-59756 1
355 0 FBIS3-60609 1
355 0 FBIS3-61009 1
355 0 FBIS4-20436 1
355 0 FBIS4-20472 1
355 0 FBIS4-20511 1
355 0 FBIS4-20602 1
355 0 FBIS4-20866 1
355 0 FBIS4-20916 1
355 0 FBIS4-20917 1
355 0 FBIS4-23098 1
355 0 FBIS4-29162 1
355 0 FBIS4-44683 1
355 0 FBIS4-44693 1
355 0 FBIS4-44901 1
355 0 FBIS4-44904 1
355 0 FBIS4-45831 1
355 0 FBIS4-45945 1
355 0 FBIS4-49691 1
355 0 FBIS4-67760 1
355 0 FBIS4-68330 1
355 0 FR940513-2-00008 1
355 0 FR940810-2-00017 1
355 0 FT933-678 1
358 0 LA011089-0095 1
358 0 LA011289-0070 1
358 0 LA011290-0111 1
358 0 LA012690-0061 1
358 0 LA013089-0044 1
358 0 LA013089-0100 1
358 0 LA013189-0058 1
358 0 LA020289-0091 1
358 0 LA020790-0030 1
358 0 LA030889-0034 1
358 0 LA031889-0124 1
358 0 LA040689-0027 1
358 0 LA040789-0022 1
358 0 LA041290-0114 1
358 0 LA041890-0071 1
358 0 LA041990-0194 1
358 0 LA042590-0030 1
358 0 LA042889-0069 1
358 0 LA050389-0065 1
358 0 LA050389-0106 1
358 0 LA050390-0077 1
358 0 LA050990-0062 1
358 0 LA051889-0059 1
358 0 LA060189-0147 1
358 0 LA060690-0029 1
358 0 LA061490-0039 1
358 0 LA062290-0055 1
358 0 LA072789-0134 1
358 0 LA081189-0092 1
358 0 LA081789-0031 1
358 0 LA091389-0008 1
358 0 LA091390-0260 1
358 0 LA091689-0078 1
358 0 LA092789-0026 1
358 0 LA092789-0070 1
358 0 LA100490-0132 1
358 0 LA101090-0043 1
358 0 LA101290-0077 1
358 0 LA101989-0014 1
358 0 LA102590-0061 1
358 0 LA103090-0194 1
358 0 LA103190-0064 1
358 0 LA110890-0049 1
358 0 LA110989-0177 1
358 0 LA120789-0024 1
358 0 LA121590-0071 1
358 0 LA122290-0113 1
358 0 LA122389-0007 1
358 0 LA122389-0013 1
360 0 FBIS3-10289 1
360 0 FBIS3-10398 1
360 0 FBIS3-10940 1
360 0 FBIS3-10996 1
360 0 FBIS3-11213 1
360 0 FBIS3-11317 1
360 0 FBIS3-11318 1
360 0 FBIS3-12094 1
360 0 FBIS3-21631 1
360 0 FBIS3-21717 1
360 0 FBIS3-21787 1
360 0 FBIS3-21819 1
360 0 FBIS3-21835 1
360 0 FBIS3-21988 1
360 0 FBIS3-22033 1
360 0 FBIS3-41389 1
360 0 FBIS3-57998 1
360 0 FBIS3-60001 1
360 0 FBIS3-60059 1
360 0 FBIS3-9970 1
360 0 FBIS4-10092 1
360 0 FBIS4-10095 1
360 0 FBIS4-10110 1
360 0 FBIS4-10295 1
360 0 FBIS4-11485 1
360 0 FBIS4-21016 1
360 0 FBIS4-21064 1
360 0 FBIS4-21239 1
360 0 FBIS4-21335 1
360 0 FBIS4-32903 1
360 0 FBIS4-32904 1
360 0 FBIS4-33135 1
360 0 FBIS4-42809 1
360 0 FBIS4-42957 1
360 0 FBIS4-45163 1
360 0 FBIS4-45174 1
360 0 FBIS4-45178 1
360 0 FBIS4-45179 1
360 0 FBIS4-45268 1
360 0 FBIS4-45269 1
360 0 FBIS4-45326 1
360 0 FBIS4-45327 1
360 0 FBIS4-45502 1
360 0 FBIS4-45591 1
360 0 FBIS4-56259 1
360 0 FBIS4-56260 1
360 0 FBIS4-56468 1
360 0 FBIS4-56522 1
360 0 FBIS4-56686 1
360 0 FBIS4-56687 1
360 0 FBIS4-56688 1
360 0 FBIS4-56689 1
360 0 FBIS4-56744 1
360 0 FBIS4-56745 1
360 0 FBIS4-56950 1
360 0 FBIS4-57131 1
360 0 FBIS4-57310 1
360 0 FBIS4-57380 1
360 0 FBIS4-57468 1
360 0 FBIS4-57533 1
360 0 FBIS4-57546 1
360 0 FBIS4-57568 1
360 0 FBIS4-57636 1
360 0 FBIS4-57642 1
360 0 FBIS4-64347 1
360 0 FBIS4-64906 1
360 0 FBIS4-65481 1
360 0 FBIS4-65616 1
360 0 FBIS4-65617 1
360 0 FBIS4-66954 1
360 0 FBIS4-66955 1
360 0 FBIS4-67016 1
360 0 FBIS4-67017 1
360 0 FBIS4-67033 1
360 0 FBIS4-67034 1
360 0 FBIS4-67035 1
360 0 FBIS4-67036 1
360 0 FBIS4-67037 1
360 0 FBIS4-67038 1
360 0 FBIS4-67039 1
360 0 FBIS4-67041 1
360 0 FBIS4-67042 1
360 0 FBIS4-67043 1
360 0 FBIS4-67045 1
360 0 FBIS4-67047 1
360 0 FBIS4-67074 1
360 0 FBIS4-67149 1
360 0 FBIS4-67159 1
360 0 FBIS4-67163 1
360 0 FBIS4-67220 1
360 0 FBIS4-67236 1
360 0 FBIS4-67247 1
360 0 FBIS4-67250 1
360 0 FBIS4-67252 1
360 0 FBIS4-67254 1
360 0 FBIS4-67257 1
360 0 FBIS4-67258 1
360 0 FBIS4-67326 1
360 0 FBIS4-67328 1
360 0 FBIS4-67329 1
360 0 FT933-13608 1
360 0 FT934-12927 1
360 0 FT942-11067 1
360 0 FT942-17001 1
360 0 FT942-2188 1
360 0 FT942-4338 1
360 0 FT942-4346 1
360 0 FT942-8531 1
360 0 FT943-2071 1
360 0 FT943-2337 1
360 0 LA010190-0004 1
360 0 LA010190-0006 1
360 0 LA011090-0007 1
360 0 LA011090-0069 1
360 0 LA011090-0127 1
360 0 LA012589-0022 1
360 0 LA022590-0121 1
360 0 LA031289-0044 1
360 0 LA031590-0059 1
360 0 LA031990-0019 1
360 0 LA031990-0020 1
360 0 LA032590-0029 1
360 0 LA032590-0030 1
360 0 LA032590-0031 1
360 0 LA032590-0032 1
360 0 LA032590-0033 1
360 0 LA032590-0034 1
360 0 LA032590-0137 1
360 0 LA032690-0013 1
360 0 LA032690-0014 1
360 0 LA032690-0016 1
360 0 LA040389-0018 1
360 0 LA041290-0037 1
360 0 LA041590-0085 1
360 0 LA041790-0016 1
360 0 LA042089-0121 1
360 0 LA042990-0111 1
360 0 LA050789-0008 1
360 0 LA062589-0009 1
360 0 LA072990-0058 1
360 0 LA081890-0006 1
360 0 LA090689-0011 1
360 0 LA091690-0032 1
360 0 LA091989-0013 1
360 0 LA092690-0116 1
360 0 LA100189-0099 1
360 0 LA100889-0211 1
360 0 LA100889-0212 1
360 0 LA102490-0024 1
360 0 LA102990-0049 1
360 0 LA102990-0050 1
360 0 LA110989-0224 1
360 0 LA111190-0029 1
360 0 LA111890-0042 1
360 0 LA111990-0028 1
360 0 LA112089-0024 1
360 0 LA112689-0070 1
360 0 LA112689-0071 1
360 0 LA112689-0073 1
360 0 LA121289-0102 1
360 0 LA121389-0019 1
360 0 LA121589-0029 1
360 0 LA122290-0133 1
362 0 FBIS3-10717 1
362 0 FBIS3-10838 1
362 0 FBIS3-2234 1
362 0 FBIS3-26112 1
362 0 FBIS3-3189 1
362 0 FBIS3-5746 1
362 0 FBIS4-15364 1
362 0 FBIS4-2353 1
362 0 FBIS4-2987 1
362 0 FBIS4-31707 1
362 0 FBIS4-3219 1
362 0 FBIS4-49075 1
362 0 FBIS4-49380 1
362 0 FBIS4-52487 1
362 0 FBIS4-52620 1
362 0 FBIS4-52858 1
362 0 FBIS4-6698 1
362 0 FT923-11375 1
362 0 FT932-4965 1
362 0 FT932-4966 1
362 0 FT932-5376 1
362 0 LA012989-0114 1
362 0 LA020190-0059 1
362 0 LA022889-0154 1
362 0 LA030189-0036 1
362 0 LA030189-0037 1
362 0 LA030289-0080 1
362 0 LA030490-0059 1
362 0 LA030490-0245 1
362 0 LA030589-0158 1
362 0 LA030989-0111 1
362 0 LA031690-0171 1
362 0 LA062989-0189 1
362 0 LA072090-0019 1
362 0 LA072790-0156 1
362 0 LA080590-0106 1
362 0 LA081790-0122 1
362 0 LA081790-0156 1
362 0 LA082390-0171 1
362 0 LA083189-0209 1
362 0 LA092089-0047 1
362 0 LA092190-0034 1
362 0 LA092589-0082 1
362 0 LA111989-0088 1
362 0 LA121290-0096 1
364 0 FBIS3-22514 1
364 0 FBIS3-22547 1
364 0 FBIS3-22604 1
364 0 FBIS3-22622 1
364 0 FBIS3-22643 1
364 0 FBIS3-22674 1
364 0 FBIS3-41731 1
364 0 FBIS3-4916 1
364 0 FBIS3-50247 1
364 0 FBIS3-60503 1
364 0 FBIS3-60504 1
364 0 FBIS3-60505 1
364 0 FBIS4-33007 1
364 0 FBIS4-45868 1
364 0 FBIS4-62473 1
364 0 FBIS4-67692 1
364 0 FR940617-2-00106 1
364 0 FR940705-2-00184 1
364 0 FR941006-1-00006 1
364 0 FR941006-1-00007 1
364 0 FT922-2616 1
364 0 FT922-8566 1
364 0 FT923-5564 1
364 0 FT941-10270 1
364 0 FT942-11141 1
364 0 FT944-6565 1
364 0 FT944-7827 1
364 0 LA010289-0060 1
364 0 LA010889-0041 1
364 0 LA021189-0113 1
364 0 LA022290-0181 1
364 0 LA040989-0066 1
364 0 LA052790-0209 1
364 0 LA060190-0138 1
364 0 LA062589-0051 1
364 0 LA062790-0048 1
364 0 LA081789-0055 1
364 0 LA082789-0198 1
364 0 LA090189-0061 1
364 0 LA091890-0152 1
364 0 LA100590-0099 1
364 0 LA110689-0034 1
364 0 LA112689-0092 1
364 0 LA122790-0077 1
365 0 FR940104-0-00039 1
365 0 FR940719-2-00148 1
365 0 FR940831-2-00124 1
365 0 FR940906-2-00094 1
365 0 FR940907-2-00008 1
365 0 FR940926-2-00036 1
365 0 FR941104-2-00064 1
365 0 FT921-10204 1
365 0 FT921-16395 1
365 0 FT922-12623 1
365 0 FT922-14235 1
365 0 FT922-5507 1
365 0 FT922-643 1
365 0 FT923-14358 1
365 0 FT931-13401 1
365 0 FT932-14766 1
365 0 FT943-6790 1
365 0 LA012990-0054 1
365 0 LA021690-0167 1
365 0 LA022190-0109 1
365 0 LA041890-0004 1
365 0 LA050690-0183 1
365 0 LA051190-0146 1
365 0 LA061789-0038 1
365 0 LA062890-0007 1
365 0 LA070990-0005 1
365 0 LA071790-0136 1
365 0 LA080890-0116 1
365 0 LA081589-0027 1
365 0 LA110390-0071 1
365 0 LA112790-0036 1
365 0 LA121490-0119 1
365 0 LA123090-0031 1
372 0 FR940114-2-00159 1
372 0 FR940118-2-00084 1
372 0 FR940426-2-00123 1
372 0 FR940426-2-00124 1
372 0 FR940603-2-00117 1
372 0 FR940607-2-00046 1
372 0 FR940617-2-00244 1
372 0 FR940713-2-00184 1
372 0 FR940720-2-00181 1
372 0 FR940728-2-00124 1
372 0 FR940921-2-00092 1
372 0 FR941003-2-00212 1
372 0 FR941207-0-00126 1
372 0 FR941207-0-00147 1
372 0 FR941216-2-00099 1
372 0 FR941216-2-00189 1
372 0 FR941222-2-00126 1
372 0 FT923-10784 1
372 0 FT924-1603 1
372 0 FT924-6336 1
372 0 FT931-2855 1
372 0 FT931-5494 1
372 0 FT933-15188 1
372 0 FT933-15592 1
372 0 FT941-13912 1
372 0 FT941-15351 1
372 0 FT942-12298 1
372 0 FT942-6648 1
372 0 FT943-4776 1
372 0 FT943-6218 1
372 0 FT944-1462 1
372 0 FT944-4273 1
372 0 LA013089-0052 1
372 0 LA020790-0040 1
372 0 LA020989-0127 1
372 0 LA042890-0078 1
372 0 LA050390-0182 1
372 0 LA050889-0046 1
372 0 LA050990-0002 1
372 0 LA051190-0087 1
372 0 LA051690-0032 1
372 0 LA052790-0207 1
372 0 LA060390-0083 1
372 0 LA061290-0112 1
372 0 LA061790-0235 1
372 0 LA072389-0077 1
372 0 LA073089-0196 1
372 0 LA080889-0069 1
372 0 LA090389-0160 1
373 0 FR940111-2-00009 1
373 0 FR940404-0-00024 1
373 0 FR940617-2-00008 1
373 0 FR940711-2-00018 1
373 0 FR940727-2-00005 1
373 0 FR940826-0-00117 1
373 0 FR940902-0-00008 1
373 0 FR940902-0-00010 1
373 0 FT922-2528 1
373 0 FT922-3977 1
373 0 FT933-10240 1
373 0 FT933-265 1
373 0 FT943-12981 1
373 0 FT943-5307 1
373 0 LA061990-0020 1
377 0 FBIS3-32581 1
377 0 FBIS3-51398 1
377 0 FBIS4-10443 1
377 0 FBIS4-11344 1
377 0 FBIS4-32944 1
377 0 FBIS4-56794 1
377 0 FR940404-2-00207 1
377 0 FR940526-0-00006 1
377 0 FR940526-0-00010 1
377 0 FR940526-0-00012 1
377 0 FT921-4016 1
377 0 FT921-6636 1
377 0 FT921-6639 1
377 0 FT923-11563 1
377 0 FT924-4990 1
377 0 FT924-8332 1
377 0 FT931-2989 1
377 0 FT933-11043 1
377 0 FT934-2747 1
377 0 FT934-5107 1
377 0 FT942-10789 1
377 0 FT942-16545 1
377 0 FT942-9558 1
377 0 FT944-4231 1
377 0 FT944-6078 1
377 0 FT944-6186 1
377 0 LA010490-0200 1
377 0 LA010590-0159 1
377 0 LA011189-0012 1
377 0 LA011189-0088 1
377 0 LA020289-0058 1
377 0 LA032489-0164 1
377 0 LA032990-0136 1
377 0 LA041189-0033 1
377 0 LA041289-0040 1
377 0 LA042889-0132 1
377 0 LA050489-0062 1
377 0 LA061190-0002 1
377 0 LA091589-0051 1
377 0 LA091589-0132 1
377 0 LA101389-0169 1
377 0 LA102989-0038 1
377 0 LA103090-0054 1
377 0 LA122189-0040 1
378 0 FBIS3-19398 1
378 0 FBIS3-19643 1
378 0 FBIS4-20024 1
378 0 FBIS4-42068 1
378 0 FBIS4-42685 1
378 0 FBIS4-43997 1
378 0 FBIS4-64429 1
378 0 FBIS4-66095 1
378 0 FT911-60 1
378 0 FT921-3015 1
378 0 FT921-3452 1
378 0 FT921-4814 1
378 0 FT921-7322 1
378 0 FT921-7997 1
378 0 FT922-11921 1
378 0 FT922-13253 1
378 0 FT922-2274 1
378 0 FT922-2464 1
378 0 FT922-3315 1
378 0 FT922-3555 1
378 0 FT922-3960 1
378 0 FT922-4286 1
378 0 FT922-4637 1
378 0 FT922-5760 1
378 0 FT922-7655 1
378 0 FT922-8148 1
378 0 FT922-8522 1
378 0 FT923-113 1
378 0 FT923-15050 1
378 0 FT923-1989 1
378 0 FT923-2077 1
378 0 FT923-2086 1
378 0 FT923-2373 1
378 0 FT923-7514 1
378 0 FT924-11408 1
378 0 FT924-14846 1
378 0 FT924-3201 1
378 0 FT924-9257 1
378 0 FT932-9815 1
378 0 FT933-12116 1
378 0 FT933-13974 1
378 0 FT933-5262 1
378 0 FT933-5270 1
378 0 FT933-9476 1
378 0 FT934-10763 1
378 0 FT934-12986 1
378 0 FT934-8804 1
378 0 FT942-11599 1
378 0 FT942-11854 1
378 0 FT942-13454 1
378 0 FT942-2610 1
378 0 FT942-6780 1
378 0 FT942-7838 1
378 0 FT942-829 1
378 0 FT942-8806 1
378 0 FT943-1340 1
378 0 FT943-16154 1
378 0 FT944-11436 1
378 0 FT944-15864 1
378 0 FT944-5295 1
378 0 FT944-6873 1
378 0 LA090990-0045 1
384 0 FBIS3-21021 1
384 0 FBIS3-21230 1
384 0 FBIS3-21244 1
384 0 FBIS3-40520 1
384 0 FBIS3-40521 1
384 0 FBIS3-42376 1
384 0 FBIS4-28821 1
384 0 FBIS4-44900 1
384 0 LA040289-0050 1
384 0 LA072189-0108 1
384 0 LA072289-0042 1
384 0 LA083090-0083 1
384 0 LA091189-0054 1
384 0 LA092990-0085 1
384 0 LA092990-0100 1
384 0 LA102289-0040 1
385 0 FBIS3-21153 1
385 0 FBIS3-24648 1
385 0 FBIS3-40371 1
385 0 FBIS3-40372 1
385 0 FBIS3-40471 1
385 0 FBIS3-40529 1
385 0 FBIS3-52 1
385 0 FBIS3-59552 1
385 0 FBIS3-59723 1
385 0 FBIS3-59761 1
385 0 FBIS3-59783 1
385 0 FBIS3-60384 1
385 0 FBIS4-20560 1
385 0 FBIS4-20567 1
385 0 FBIS4-38 1
385 0 FBIS4-44635 1
385 0 FBIS4-44698 1
385 0 FBIS4-44700 1
385 0 FBIS4-44701 1
385 0 FBIS4-44852 1
385 0 FBIS4-44853 1
385 0 FBIS4-44854 1
385 0 FBIS4-44893 1
385 0 FBIS4-44896 1
385 0 FBIS4-45674 1
385 0 FBIS4-45710 1
385 0 FBIS4-6674 1
385 0 FBIS4-67596 1
385 0 FBIS4-68611 1
385 0 FR940204-1-00002 1
385 0 FR940303-2-00168 1
385 0 FR940921-0-00099 1
385 0 FR941219-1-00031 1
385 0 FT921-13170 1
385 0 FT921-15508 1
385 0 FT921-1556 1
385 0 FT923-10730 1
385 0 FT923-11291 1
385 0 FT923-11292 1
385 0 FT923-118 1
385 0 FT923-14293 1
385 0 FT923-9498 1
385 0 FT924-2212 1
385 0 FT924-2358 1
385 0 FT924-4725 1
385 0 FT924-6577 1
385 0 FT931-10650 1
385 0 FT931-12869 1
385 0 FT931-806 1
385 0 FT932-11810 1
385 0 FT933-2369 1
385 0 FT933-4197 1
385 0 FT934-17260 1
385 0 FT934-3790 1
385 0 FT934-814 1
385 0 FT941-17640 1
385 0 FT941-5576 1
385 0 FT941-7483 1
385 0 FT941-7919 1
385 0 FT942-15407 1
385 0 FT942-15408 1
385 0 FT942-15763 1
385 0 FT942-32 1
385 0 FT943-11627 1
385 0 FT943-11934 1
385 0 FT943-16713 1
385 0 FT943-8478 1
385 0 FT944-14409 1
385 0 FT944-16970 1
385 0 FT944-17283 1
385 0 FT944-18127 1
385 0 FT944-18230 1
385 0 FT944-18233 1
385 0 FT944-3280 1
385 0 FT944-4751 1
385 0 LA010490-0157 1
385 0 LA010690-0096 1
385 0 LA020390-0126 1
385 0 LA021390-0042 1
385 0 LA030190-0185 1
385 0 LA031290-0101 1
385 0 LA032889-0141 1
385 0 LA042489-0048 1
385 0 LA042990-0226 1
385 0 LA050489-0037 1
385 0 LA052389-0119 1
385 0 LA052490-0101 1
385 0 LA060590-0055 1
385 0 LA061889-0037 1
385 0 LA062290-0006 1
385 0 LA062489-0113 1
385 0 LA072389-0022 1
385 0 LA090590-0086 1
385 0 LA101789-0163 1
385 0 LA111090-0011 1
385 0 LA120790-0112 1
385 0 LA121489-0092 1
387 0 FBIS3-1564 1
387 0 FBIS3-19535 1
387 0 FBIS3-21073 1
387 0 FBIS3-22192 1
387 0 FBIS3-22216 1
387 0 FBIS3-22780 1
387 0 FBIS3-22900 1
387 0 FBIS3-40271 1
387 0 FBIS3-40450 1
387 0 FBIS3-40474 1
387 0 FBIS3-40483 1
387 0 FBIS3-41464 1
387 0 FBIS3-41508 1
387 0 FBIS3-41662 1
387 0 FBIS3-59635 1
387 0 FBIS3-59687 1
387 0 FBIS3-60300 1
387 0 FBIS3-61557 1
387 0 FBIS3-61559 1
387 0 FBIS3-61560 1
387 0 FBIS3-61561 1
387 0 FBIS4-15413 1
387 0 FBIS4-20664 1
387 0 FBIS4-20666 1
387 0 FBIS4-21460 1
387 0 FBIS4-21463 1
387 0 FBIS4-21469 1
387 0 FBIS4-21496 1
387 0 FBIS4-22439 1
387 0 FBIS4-39241 1
387 0 FBIS4-44906 1
387 0 FBIS4-45120 1
387 0 FBIS4-45922 1
387 0 FBIS4-52033 1
387 0 FBIS4-53441 1
387 0 FBIS4-64603 1
387 0 FBIS4-64772 1
387 0 FBIS4-66480 1
387 0 FBIS4-66481 1
387 0 FBIS4-67374 1
387 0 FBIS4-67375 1
387 0 FBIS4-67443 1
387 0 FBIS4-67519 1
387 0 FBIS4-67522 1
387 0 FBIS4-67757 1
387 0 FR940128-2-00066 1
387 0 FR940128-2-00067 1
387 0 FR940128-2-00068 1
387 0 FR940317-2-00023 1
387 0 FR940317-2-00024 1
387 0 FR940406-2-00179 1
387 0 FR940406-2-00182 1
387 0 FR940406-2-00185 1
387 0 FR941031-2-00101 1
387 0 FR941103-2-00017 1
387 0 FR941103-2-00018 1
387 0 FT921-8000 1
387 0 FT923-1836 1
387 0 FT924-10142 1
387 0 FT924-13435 1
387 0 FT934-15647 1
387 0 FT934-4496 1
387 0 FT942-8483 1
387 0 FT943-10163 1
387 0 FT943-10219 1
387 0 FT943-10570 1
387 0 FT943-13459 1
387 0 FT943-14601 1
387 0 FT943-6546 1
387 0 FT943-7475 1
387 0 FT944-10270 1
387 0 FT944-8187 1
387 0 FT944-9355 1
387 0 LA030789-0064 1
387 0 LA100689-0074 1
387 0 LA111890-0124 1
387 0 LA121289-0069 1
388 0 FBIS4-10438 1
388 0 FBIS4-22502 1
388 0 FBIS4-45740 1
388 0 FT921-3332 1
388 0 FT922-9059 1
388 0 FT923-15483 1
388 0 FT941-11128 1
388 0 FT941-15271 1
388 0 FT941-427 1
388 0 FT942-12366 1
388 0 FT942-16489 1
388 0 FT943-15995 1
388 0 LA020490-0049 1
388 0 LA040689-0080 1
388 0 LA051290-0016 1
388 0 LA051290-0103 1
388 0 LA051590-0134 1
388 0 LA060689-0001 1
388 0 LA062190-0187 1
388 0 LA072690-0138 1
388 0 LA082590-0116 1
388 0 LA102390-0078 1
388 0 LA111790-0181 1
388 0 LA123189-0133 1
392 0 FBIS3-1764 1
392 0 FBIS3-1902 1
392 0 FBIS3-1903 1
392 0 FBIS3-20469 1
392 0 FBIS3-20923 1
392 0 FBIS3-35 1
392 0 FBIS3-38381 1
392 0 FBIS3-38782 1
392 0 FBIS3-3923 1
392 0 FBIS3-40223 1
392 0 FBIS3-40420 1
392 0 FBIS3-40495 1
392 0 FBIS3-40533 1
392 0 FBIS3-41010 1
392 0 FBIS3-44472 1
392 0 FBIS3-46247 1
392 0 FBIS3-59640 1
392 0 FBIS4-28638 1
392 0 FBIS4-4159 1
392 0 FBIS4-44650 1
392 0 FBIS4-44738 1
392 0 FBIS4-44769 1
392 0 FBIS4-44817 1
392 0 FBIS4-44850 1
392 0 FBIS4-44851 1
392 0 FBIS4-44855 1
392 0 FBIS4-67574 1
392 0 FBIS4-68611 1
392 0 FT911-129 1
392 0 FT911-135 1
392 0 FT921-4470 1
392 0 FT921-7950 1
392 0 FT922-10029 1
392 0 FT922-11806 1
392 0 FT922-4414 1
392 0 FT922-4415 1
392 0 FT922-4416 1
392 0 FT922-4419 1
392 0 FT922-4461 1
392 0 FT922-4578 1
392 0 FT922-8032 1
392 0 FT922-8929 1
392 0 FT922-9444 1
392 0 FT922-9445 1
392 0 FT923-11658 1
392 0 FT923-12263 1
392 0 FT923-12341 1
392 0 FT923-12990 1
392 0 FT923-14724 1
392 0 FT923-4774 1
392 0 FT923-4779 1
392 0 FT923-5401 1
392 0 FT923-7461 1
392 0 FT923-961 1
392 0 FT924-1031 1
392 0 FT924-10484 1
392 0 FT924-1130 1
392 0 FT931-2017 1
392 0 FT932-13418 1
392 0 FT932-769 1
392 0 FT933-2180 1
392 0 FT933-4197 1
392 0 FT933-4691 1
392 0 FT934-14189 1
392 0 FT934-4378 1
392 0 FT934-5377 1
392 0 FT934-5395 1
392 0 FT934-7753 1
392 0 FT934-8386 1
392 0 FT941-1242 1
392 0 FT941-12921 1
392 0 FT941-13625 1
392 0 FT941-3538 1
392 0 FT942-10346 1
392 0 FT942-13133 1
392 0 FT942-13969 1
392 0 FT943-15023 1
392 0 FT944-18195 1
392 0 LA011190-0213 1
392 0 LA011490-0160 1
392 0 LA020690-0057 1
392 0 LA022490-0041 1
392 0 LA030589-0277 1
392 0 LA040489-0058 1
392 0 LA042490-0150 1
392 0 LA042689-0150 1
392 0 LA050290-0094 1
392 0 LA050689-0106 1
392 0 LA070289-0024 1
392 0 LA071789-0059 1
392 0 LA080490-0157 1
392 0 LA081490-0052 1
392 0 LA081590-0134 1
392 0 LA082490-0060 1
392 0 LA082490-0134 1
392 0 LA082790-0008 1
392 0 LA092189-0061 1
392 0 LA102589-0109 1
392 0 LA102989-0052 1
392 0 LA103190-0122 1
392 0 LA111890-0135 1
392 0 LA112189-0062 1
392 0 LA120490-0171 1
393 0 FBIS3-3475 1
393 0 FT924-13814 1
393 0 FT924-15580 1
393 0 FT924-4091 1
393 0 FT924-6698 1
393 0 FT931-10867 1
393 0 FT931-5645 1
393 0 FT931-5914 1
393 0 FT931-8050 1
393 0 LA010990-0051 1
393 0 LA020889-0123 1
393 0 LA022890-0156 1
393 0 LA030490-0025 1
393 0 LA033089-0213 1
393 0 LA040789-0168 1
393 0 LA040889-0033 1
393 0 LA041190-0152 1
393 0 LA042690-0116 1
393 0 LA042789-0026 1
393 0 LA050689-0099 1
393 0 LA051289-0056 1
393 0 LA051389-0048 1
393 0 LA052189-0013 1
393 0 LA060189-0019 1
393 0 LA060189-0203 1
393 0 LA060489-0109 1
393 0 LA060890-0135 1
393 0 LA060890-0165 1
393 0 LA060990-0069 1
393 0 LA061090-0035 1
393 0 LA061990-0071 1
393 0 LA061990-0142 1
393 0 LA062590-0109 1
393 0 LA062590-0110 1
393 0 LA062690-0110 1
393 0 LA070190-0126 1
393 0 LA070489-0103 1
393 0 LA072989-0067 1
393 0 LA081690-0202 1
393 0 LA082190-0021 1
393 0 LA091490-0076 1
393 0 LA100889-0135 1
393 0 LA102989-0054 1
393 0 LA111489-0174 1
393 0 LA112590-0194 1
393 0 LA120689-0143 1
393 0 LA120789-0014 1
393 0 LA121690-0172 1
393 0 LA122290-0050 1
393 0 LA122290-0062 1
393 0 LA122790-0176 1
393 0 LA123090-0155 1
396 0 FBIS3-22237 1
396 0 FR940202-2-00140 1
396 0 FR940405-1-00034 1
396 0 FR940405-1-00035 1
396 0 FR940405-1-00038 1
396 0 FR940405-1-00039 1
396 0 FR940405-1-00040 1
396 0 FR940405-1-00041 1
396 0 FR940405-1-00042 1
396 0 FR940405-1-00043 1
396 0 FR940405-1-00054 1
396 0 FR940405-1-00055 1
396 0 FR940405-1-00059 1
396 0 FR940405-1-00062 1
396 0 FR940405-1-00077 1
396 0 FR940405-1-00084 1
396 0 FR940405-1-00086 1
396 0 FR940405-1-00088 1
396 0 FR940405-1-00092 1
396 0 FR940405-1-00097 1
396 0 FR940405-1-00098 1
396 0 FR940405-1-00099 1
396 0 FR940405-1-00114 1
396 0 FR940405-1-00119 1
396 0 FR940405-1-00129 1
396 0 FR940810-0-00067 1
396 0 FR940810-0-00082 1
396 0 FR940810-0-00121 1
396 0 FR940810-0-00140 1
396 0 FR940810-0-00150 1
396 0 FR940810-0-00155 1
396 0 FR940810-0-00222 1
396 0 FR940810-0-00297 1
396 0 FR940810-0-00316 1
396 0 FR940817-2-00243 1
396 0 FT911-4484 1
396 0 FT921-7987 1
396 0 FT923-2548 1
396 0 FT923-4291 1
396 0 FT923-7392 1
396 0 FT923-9638 1
396 0 FT924-15322 1
396 0 FT931-14147 1
396 0 FT944-17562 1
396 0 FT944-18520 1
396 0 FT944-18523 1
396 0 LA010590-0062 1
396 0 LA010590-0075 1
396 0 LA010889-0062 1
396 0 LA011289-0025 1
396 0 LA011589-0089 1
396 0 LA011990-0090 1
396 0 LA021890-0216 1
396 0 LA022190-0085 1
396 0 LA042990-0140 1
396 0 LA050590-0018 1
396 0 LA062090-0050 1
396 0 LA071790-0091 1
396 0 LA080490-0138 1
396 0 LA080889-0101 1
396 0 LA082289-0160 1
396 0 LA091289-0132 1
396 0 LA100690-0080 1
396 0 LA102689-0141 1
396 0 LA102690-0077 1
396 0 LA102790-0051 1
396 0 LA110389-0072 1
396 0 LA112490-0149 1
396 0 LA120989-0067 1
396 0 LA122189-0010 1
396 0 LA122689-0070 1
399 0 FBIS3-1586 1
399 0 FBIS3-1587 1
399 0 FBIS3-20644 1
399 0 FBIS3-22452 1
399 0 FBIS3-23614 1
399 0 FBIS3-2713 1
399 0 FBIS3-28953 1
399 0 FBIS3-41010 1
399 0 FBIS3-41601 1
399 0 FBIS3-41602 1
399 0 FBIS3-60248 1
399 0 FBIS3-6062 1
399 0 FBIS3-61490 1
399 0 FBIS3-6833 1
399 0 FBIS4-14569 1
399 0 FBIS4-14906 1
399 0 FBIS4-15415 1
399 0 FBIS4-16665 1
399 0 FBIS4-16996 1
399 0 FBIS4-17302 1
399 0 FBIS4-17581 1
399 0 FBIS4-21350 1
399 0 FBIS4-21460 1
399 0 FBIS4-21466 1
399 0 FBIS4-21536 1
399 0 FBIS4-21665 1
399 0 FBIS4-2524 1
399 0 FBIS4-40468 1
399 0 FBIS4-45777 1
399 0 FBIS4-46037 1
399 0 FBIS4-46461 1
399 0 FBIS4-46504 1
399 0 FBIS4-46590 1
399 0 FBIS4-49902 1
399 0 FBIS4-5049 1
399 0 FBIS4-63027 1
399 0 FBIS4-66382 1
399 0 FBIS4-67377 1
399 0 FBIS4-67442 1
399 0 FBIS4-67447 1
399 0 FBIS4-67454 1
399 0 FBIS4-67508 1
399 0 FBIS4-67574 1
399 0 FR940617-2-00029 1
399 0 FR941116-2-00016 1
399 0 FR941125-2-00021 1
399 0 FT934-7286 1
399 0 FT943-6914 1
399 0 FT944-6974 1
399 0 LA012289-0090 1
399 0 LA032289-0057 1
399 0 LA040590-0149 1
399 0 LA052489-0093 1
399 0 LA072989-0035 1
399 0 LA081590-0093 1
399 0 LA111990-0049 1
399 0 LA120389-0149 1
400 0 FBIS3-10660 1
400 0 FBIS3-11525 1
400 0 FBIS3-22312 1
400 0 FBIS3-41589 1
400 0 FBIS3-41590 1
400 0 FBIS4-11145 1
400 0 FBIS4-11295 1
400 0 FBIS4-21370 1
400 0 FBIS4-34521 1
400 0 FBIS4-44914 1
400 0 FBIS4-45689 1
400 0 FBIS4-56952 1
400 0 FBIS4-57495 1
400 0 FBIS4-67363 1
400 0 FBIS4-67420 1
400 0 FBIS4-67423 1
400 0 FBIS4-67558 1
400 0 FBIS4-9972 1
400 0 FT921-14181 1
400 0 FT921-15851 1
400 0 FT921-15902 1
400 0 FT921-1694 1
400 0 FT921-2048 1
400 0 FT921-6106 1
400 0 FT921-7563 1
400 0 FT921-9394 1
400 0 FT921-9497 1
400 0 FT922-3272 1
400 0 FT922-3429 1
400 0 FT922-4626 1
400 0 FT922-5095 1
400 0 FT922-5106 1
400 0 FT922-5108 1
400 0 FT922-5538 1
400 0 FT922-5621 1
400 0 FT922-7175 1
400 0 FT922-7829 1
400 0 FT922-8533 1
400 0 FT924-2554 1
400 0 FT924-4583 1
400 0 FT924-9727 1
400 0 FT931-10187 1
400 0 FT931-5666 1
400 0 FT931-6077 1
400 0 FT931-6615 1
400 0 FT933-5902 1
400 0 FT941-6115 1
400 0 FT942-1953 1
400 0 FT942-48 1
400 0 FT943-12730 1
400 0 FT944-6336 1
400 0 LA012289-0052 1
400 0 LA012289-0165 1
400 0 LA031289-0053 1
400 0 LA032590-0089 1
400 0 LA040789-0077 1
400 0 LA042389-0057 1
400 0 LA050789-0087 1
400 0 LA060890-0004 1
400 0 LA060989-0041 1
400 0 LA061790-0153 1
400 0 LA070890-0117 1
400 0 LA092390-0004 1
400 0 LA100290-0091 1
400 0 LA101589-0017 1
400 0 LA102089-0101 1
400 0 LA102390-0098 1
400 0 LA121290-0147 1
400 0 LA121390-0112 1
400 0 LA121489-0128 1
400 0 LA121489-0140 1
400 0 LA121490-0163 1
400 0 LA121890-0005 1
402 0 FR940204-2-00090 1
402 0 FR940812-2-00253 1
402 0 FT921-11140 1
402 0 FT922-715 1
402 0 FT922-7420 1
402 0 FT923-7735 1
402 0 FT932-7262 1
402 0 FT933-13787 1
402 0 FT934-1290 1
402 0 FT944-12908 1
402 0 LA032290-0148 1
402 0 LA041790-0126 1
402 0 LA042990-0020 1
402 0 LA042990-0032 1
402 0 LA050789-0122 1
402 0 LA060589-0049 1
402 0 LA062590-0042 1
402 0 LA073090-0057 1
402 0 LA090789-0104 1
402 0 LA093089-0065 1
402 0 LA100189-0053 1
402 0 LA100790-0251 1
402 0 LA101290-0115 1
402 0 LA101690-0121 1
402 0 LA111590-0041 1
402 0 LA111689-0162 1
403 0 FR940525-1-00050 1
403 0 FR940525-1-00063 1
403 0 FR940525-1-00079 1
403 0 FR940603-2-00065 1
403 0 FT924-979 1
403 0 LA020490-0136 1
403 0 LA032290-0151 1
403 0 LA033089-0013 1
403 0 LA041990-0072 1
403 0 LA051889-0006 1
403 0 LA092890-0067 1
405 0 FBIS3-42552 1
405 0 FBIS3-42553 1
405 0 FBIS3-42555 1
405 0 FBIS3-59918 1
405 0 FBIS4-46651 1
405 0 FBIS4-46660 1
405 0 FT911-3681 1
405 0 FT922-11472 1
405 0 FT922-11525 1
405 0 FT922-11742 1
405 0 FT931-16055 1
405 0 FT932-5036 1
405 0 FT941-17652 1
405 0 FT943-10128 1
405 0 FT943-13986 1
405 0 FT943-3693 1
405 0 FT944-12147 1
405 0 FT944-128 1
405 0 LA011590-0098 1
405 0 LA020190-0053 1
405 0 LA022689-0112 1
405 0 LA042089-0083 1
405 0 LA051289-0137 1
405 0 LA052890-0021 1
405 0 LA061490-0072 1
405 0 LA071690-0100 1
405 0 LA072390-0060 1
405 0 LA080889-0066 1
405 0 LA081990-0061 1
405 0 LA082489-0178 1
405 0 LA090489-0037 1
405 0 LA102290-0067 1
405 0 LA102590-0235 1
405 0 LA111789-0151 1
405 0 LA112089-0048 1
405 0 LA112690-0067 1
405 0 LA120390-0126 1
405 0 LA120890-0048 1
405 0 LA121190-0160 1
407 0 FBIS3-22268 1
407 0 FBIS3-22269 1
407 0 FBIS3-22368 1
407 0 FBIS3-26365 1
407 0 FBIS3-41430 1
407 0 FBIS3-41592 1
407 0 FBIS3-60235 1
407 0 FBIS3-60340 1
407 0 FBIS4-21421 1
407 0 FBIS4-2216 1
407 0 FBIS4-45779 1
407 0 FR941104-1-00045 1
407 0 FR941104-1-00054 1
407 0 FT921-15886 1
407 0 FT921-6003 1
407 0 FT931-6078 1
407 0 FT932-12511 1
407 0 FT932-16493 1
407 0 FT932-7459 1
407 0 FT933-2396 1
407 0 FT933-5757 1
407 0 FT933-7330 1
407 0 FT933-9176 1
407 0 FT934-12959 1
407 0 FT941-15416 1
407 0 FT941-2746 1
407 0 FT941-5453 1
407 0 FT942-10464 1
407 0 FT942-17238 1
407 0 FT943-8480 1
407 0 FT944-11473 1
407 0 FT944-8277 1
407 0 LA011490-0067 1
407 0 LA021890-0065 1
407 0 LA022689-0070 1
407 0 LA032689-0196 1
407 0 LA033090-0084 1
407 0 LA050889-0063 1
407 0 LA051990-0043 1
407 0 LA071590-0042 1
407 0 LA071889-0158 1
407 0 LA071989-0024 1
407 0 LA080590-0065 1
407 0 LA111190-0042 1
407 0 LA121089-0007 1
408 0 FBIS4-1860 1
408 0 FBIS4-25610 1
408 0 FBIS4-25767 1
408 0 FBIS4-25818 1
408 0 FBIS4-25945 1
408 0 FBIS4-25977 1
408 0 FBIS4-26769 1
408 0 FBIS4-26773 1
408 0 FBIS4-26774 1
408 0 FBIS4-26836 1
408 0 FBIS4-26889 1
408 0 FBIS4-67533 1
408 0 FR940114-0-00046 1
408 0 FR940317-0-00036 1
408 0 FR940317-0-00037 1
408 0 FR940727-2-00116 1
408 0 FR940727-2-00117 1
408 0 FR940727-2-00118 1
408 0 FR940728-2-00129 1
408 0 FR940728-2-00131 1
408 0 FR940728-2-00132 1
408 0 FR940812-2-00217 1
408 0 FR940831-2-00127 1
408 0 FR940906-2-00093 1
408 0 FR941025-2-00049 1
408 0 FR941207-2-00098 1
408 0 FT911-1221 1
408 0 FT911-124 1
408 0 FT911-1248 1
408 0 FT911-1465 1
408 0 FT911-1803 1
408 0 FT911-1940 1
408 0 FT911-2203 1
408 0 FT911-2317 1
408 0 FT911-396 1
408 0 FT911-439 1
408 0 FT911-815 1
408 0 FT923-1747 1
408 0 FT923-2326 1
408 0 FT923-3091 1
408 0 FT923-4094 1
408 0 FT923-4395 1
408 0 FT923-5267 1
408 0 FT923-5797 1
408 0 FT923-6038 1
408 0 FT923-6110 1
408 0 FT923-6455 1
408 0 FT923-6560 1
408 0 FT923-6592 1
408 0 FT924-1774 1
408 0 FT924-6225 1
408 0 FT924-9182 1
408 0 FT931-1199 1
408 0 FT931-5706 1
408 0 FT933-15680 1
408 0 FT933-8357 1
408 0 FT933-9488 1
408 0 FT941-17340 1
408 0 FT942-10710 1
408 0 FT942-11667 1
408 0 FT943-15451 1
408 0 FT943-4473 1
408 0 FT943-7718 1
408 0 FT944-16873 1
408 0 FT944-17187 1
408 0 LA010189-0040 1
408 0 LA010189-0046 1
408 0 LA010289-0060 1
408 0 LA011689-0055 1
408 0 LA020590-0044 1
408 0 LA030490-0101 1
408 0 LA042290-0100 1
408 0 LA042590-0138 1
408 0 LA052189-0093 1
408 0 LA061589-0140 1
408 0 LA062590-0054 1
408 0 LA062889-0066 1
408 0 LA062989-0112 1
408 0 LA070589-0011 1
408 0 LA071789-0097 1
408 0 LA072189-0002 1
408 0 LA072389-0078 1
408 0 LA080289-0083 1
408 0 LA082690-0108 1
408 0 LA083090-0002 1
408 0 LA091189-0050 1
408 0 LA091189-0051 1
408 0 LA091189-0112 1
408 0 LA091789-0200 1
408 0 LA091989-0139 1
408 0 LA091990-0146 1
408 0 LA092089-0100 1
408 0 LA092089-0139 1
408 0 LA092189-0125 1
408 0 LA092189-0139 1
408 0 LA092190-0055 1
408 0 LA092289-0103 1
408 0 LA092390-0028 1
408 0 LA092689-0087 1
408 0 LA092789-0093 1
408 0 LA092889-0095 1
408 0 LA092989-0171 1
408 0 LA100289-0005 1
408 0 LA100389-0075 1
408 0 LA100489-0092 1
408 0 LA100589-0141 1
408 0 LA100590-0178 1
408 0 LA100889-0098 1
408 0 LA100890-0072 1
408 0 LA101289-0074 1
408 0 LA101289-0148 1
408 0 LA101390-0102 1
408 0 LA101490-0142 1
408 0 LA101689-0100 1
408 0 LA102389-0075 1
408 0 LA102489-0089 1
408 0 LA111390-0147 1
408 0 LA120389-0073 1
408 0 LA120389-0130 1
408 0 LA120489-0058 1
410 0 FBIS3-18733 1
410 0 FBIS3-19523 1
410 0 FBIS3-19679 1
410 0 FBIS3-39341 1
410 0 FBIS3-57961 1
410 0 FBIS3-59001 1
410 0 FBIS3-59008 1
410 0 FBIS4-44277 1
410 0 FBIS4-44278 1
410 0 FBIS4-64577 1
410 0 FBIS4-66008 1
410 0 FT921-7727 1
410 0 FT921-9293 1
410 0 FT921-9511 1
410 0 FT922-751 1
410 0 FT922-8566 1
410 0 FT922-9239 1
410 0 FT922-9931 1
410 0 FT924-1015 1
410 0 FT924-3822 1
410 0 FT924-4549 1
410 0 FT924-6924 1
410 0 FT931-14276 1
410 0 FT932-11119 1
410 0 FT932-1183 1
410 0 FT932-12074 1
410 0 FT932-16163 1
410 0 FT932-16523 1
410 0 FT933-16910 1
410 0 FT934-14160 1
410 0 FT934-14347 1
410 0 FT934-15886 1
410 0 FT934-16124 1
410 0 FT934-6237 1
410 0 FT941-12878 1
410 0 FT941-13450 1
410 0 FT944-4056 1
410 0 FT944-934 1
410 0 LA062090-0079 1
414 0 FBIS3-12046 1
414 0 FBIS3-17768 1
414 0 FBIS3-24655 1
414 0 FBIS3-36211 1
414 0 FBIS3-51400 1
414 0 FBIS3-61299 1
414 0 FBIS4-10024 1
414 0 FBIS4-10025 1
414 0 FBIS4-10113 1
414 0 FBIS4-10222 1
414 0 FBIS4-10373 1
414 0 FBIS4-10797 1
414 0 FBIS4-33400 1
414 0 FBIS4-34324 1
414 0 FBIS4-34643 1
414 0 FBIS4-38627 1
414 0 FBIS4-38628 1
414 0 FBIS4-38629 1
414 0 FBIS4-47156 1
414 0 FBIS4-62804 1
414 0 FBIS4-9776 1
414 0 FBIS4-9785 1
414 0 FBIS4-9866 1
414 0 FT921-14610 1
414 0 FT921-8126 1
414 0 FT921-9644 1
414 0 FT922-8462 1
414 0 FT924-5210 1
414 0 FT931-8550 1
414 0 FT932-13472 1
414 0 FT932-13478 1
414 0 FT932-14001 1
414 0 FT932-5104 1
414 0 FT942-16668 1
414 0 FT944-10694 1
414 0 FT944-11926 1
414 0 FT944-12369 1
414 0 LA042090-0161 1
414 0 LA042290-0093 1
414 0 LA050690-0129 1
415 0 FBIS3-21667 1
415 0 FBIS3-21752 1
415 0 FBIS3-21846 1
415 0 FBIS3-21941 1
415 0 FBIS3-21942 1
415 0 FBIS3-21943 1
415 0 FBIS3-21949 1
415 0 FBIS3-26005 1
415 0 FBIS3-26597 1
415 0 FBIS3-26913 1
415 0 FBIS3-28711 1
415 0 FBIS3-28834 1
415 0 FBIS3-28835 1
415 0 FBIS3-2893 1
415 0 FBIS3-28982 1
415 0 FBIS3-41103 1
415 0 FBIS3-41107 1
415 0 FBIS3-41110 1
415 0 FBIS3-41163 1
415 0 FBIS3-41168 1
415 0 FBIS3-41169 1
415 0 FBIS3-41211 1
415 0 FBIS3-41244 1
415 0 FBIS3-41246 1
415 0 FBIS3-41249 1
415 0 FBIS3-41250 1
415 0 FBIS3-41251 1
415 0 FBIS3-41253 1
415 0 FBIS3-46172 1
415 0 FBIS3-46302 1
415 0 FBIS3-47309 1
415 0 FBIS3-48057 1
415 0 FBIS3-48149 1
415 0 FBIS3-48150 1
415 0 FBIS3-48525 1
415 0 FBIS3-48526 1
415 0 FBIS3-48590 1
415 0 FBIS3-59981 1
415 0 FBIS3-60025 1
415 0 FBIS3-60079 1
415 0 FBIS3-60083 1
415 0 FBIS3-60183 1
415 0 FBIS3-60184 1
415 0 FBIS3-60185 1
415 0 FBIS3-60189 1
415 0 FBIS3-6434 1
415 0 FBIS4-21166 1
415 0 FBIS4-26397 1
415 0 FBIS4-26653 1
415 0 FBIS4-26800 1
415 0 FBIS4-26801 1
415 0 FBIS4-26902 1
415 0 FBIS4-27100 1
415 0 FBIS4-27446 1
415 0 FBIS4-27476 1
415 0 FBIS4-27658 1
415 0 FBIS4-27694 1
415 0 FBIS4-27974 1
415 0 FBIS4-2802 1
415 0 FBIS4-28038 1
415 0 FBIS4-28068 1
415 0 FBIS4-28073 1
415 0 FBIS4-28376 1
415 0 FBIS4-28569 1
415 0 FBIS4-28571 1
415 0 FBIS4-28580 1
415 0 FBIS4-28581 1
415 0 FBIS4-28726 1
415 0 FBIS4-28925 1
415 0 FBIS4-29647 1
415 0 FBIS4-30455 1
415 0 FBIS4-30456 1
415 0 FBIS4-30503 1
415 0 FBIS4-30504 1
415 0 FBIS4-45211 1
415 0 FBIS4-45212 1
415 0 FBIS4-45215 1
415 0 FBIS4-45299 1
415 0 FBIS4-45300 1
415 0 FBIS4-45301 1
415 0 FBIS4-45307 1
415 0 FBIS4-45308 1
415 0 FBIS4-45309 1
415 0 FBIS4-45310 1
415 0 FBIS4-45370 1
415 0 FBIS4-45371 1
415 0 FBIS4-45372 1
415 0 FBIS4-45375 1
415 0 FBIS4-45377 1
415 0 FBIS4-45455 1
415 0 FBIS4-45456 1
415 0 FBIS4-45458 1
415 0 FBIS4-45563 1
415 0 FBIS4-45564 1
415 0 FBIS4-45569 1
415 0 FBIS4-45572 1
415 0 FBIS4-45574 1
415 0 FBIS4-45575 1
415 0 FBIS4-51609 1
415 0 FBIS4-51610 1
415 0 FBIS4-51692 1
415 0 FBIS4-51711 1
415 0 FBIS4-51752 1
415 0 FBIS4-52296 1
415 0 FBIS4-52472 1
415 0 FBIS4-52641 1
415 0 FBIS4-52642 1
415 0 FBIS4-52937 1
415 0 FBIS4-52946 1
415 0 FBIS4-53131 1
415 0 FBIS4-53751 1
415 0 FBIS4-53882 1
415 0 FBIS4-53899 1
415 0 FBIS4-53900 1
415 0 FBIS4-54151 1
415 0 FBIS4-54384 1
415 0 FBIS4-54385 1
415 0 FBIS4-54386 1
415 0 FBIS4-6427 1
415 0 FBIS4-6454 1
415 0 FBIS4-66980 1
415 0 FBIS4-66982 1
415 0 FBIS4-66983 1
415 0 FBIS4-66984 1
415 0 FBIS4-66995 1
415 0 FBIS4-67078 1
415 0 FBIS4-67079 1
415 0 FBIS4-67080 1
415 0 FBIS4-67081 1
415 0 FBIS4-67097 1
415 0 FBIS4-67101 1
415 0 FBIS4-67187 1
415 0 FBIS4-67188 1
415 0 FBIS4-67203 1
415 0 FBIS4-67209 1
415 0 FBIS4-67276 1
415 0 FBIS4-67292 1
415 0 FT921-3152 1
415 0 FT921-3261 1
415 0 FT924-10092 1
415 0 FT924-4782 1
415 0 FT934-5207 1
415 0 LA010489-0128 1
415 0 LA032889-0059 1
415 0 LA050190-0061 1
415 0 LA080289-0087 1
415 0 LA091689-0063 1
415 0 LA092490-0071 1
415 0 LA121690-0051 1
416 0 FBIS3-20606 1
416 0 FBIS3-20616 1
416 0 FBIS3-20660 1
416 0 FBIS3-22373 1
416 0 FBIS3-26655 1
416 0 FBIS3-3552 1
416 0 FBIS3-3877 1
416 0 FBIS3-44542 1
416 0 FBIS3-44551 1
416 0 FBIS3-45658 1
416 0 FBIS3-45816 1
416 0 FBIS3-45822 1
416 0 FBIS3-45857 1
416 0 FBIS3-46009 1
416 0 FBIS3-46276 1
416 0 FBIS4-11524 1
416 0 FBIS4-1561 1
416 0 FBIS4-2026 1
416 0 FBIS4-3217 1
416 0 FBIS4-4262 1
416 0 FBIS4-44554 1
416 0 FBIS4-44586 1
416 0 FBIS4-47629 1
416 0 FBIS4-49091 1
416 0 FBIS4-66355 1
416 0 FT911-3434 1
416 0 FT921-1783 1
416 0 FT921-2010 1
416 0 FT921-3244 1
416 0 FT922-14361 1
416 0 FT922-14835 1
416 0 FT932-7110 1
416 0 FT934-14736 1
416 0 FT941-12849 1
416 0 FT941-12860 1
416 0 FT942-9118 1
416 0 FT943-15837 1
416 0 FT943-16426 1
418 0 FBIS3-26778 1
418 0 FR940324-2-00005 1
418 0 FR940413-2-00008 1
418 0 FT911-4184 1
418 0 FT921-11243 1
418 0 FT921-4731 1
418 0 FT921-514 1
418 0 FT922-10117 1
418 0 FT922-1999 1
418 0 FT922-3388 1
418 0 FT922-4126 1
418 0 FT922-4172 1
418 0 FT922-5444 1
418 0 FT923-10014 1
418 0 FT923-952 1
418 0 FT924-10247 1
418 0 FT924-1054 1
418 0 FT924-5181 1
418 0 FT924-6271 1
418 0 FT924-6277 1
418 0 FT924-6279 1
418 0 FT924-7673 1
418 0 FT924-9142 1
418 0 FT924-9261 1
418 0 FT931-14761 1
418 0 FT931-8082 1
418 0 FT932-14569 1
418 0 FT933-15022 1
418 0 FT933-15026 1
418 0 FT934-12949 1
418 0 FT934-4187 1
418 0 FT934-7186 1
418 0 FT934-7868 1
418 0 FT934-8711 1
418 0 FT941-1081 1
418 0 FT941-1082 1
418 0 FT941-15243 1
418 0 FT942-12748 1
418 0 FT942-13614 1
418 0 FT942-1587 1
418 0 FT942-8137 1
418 0 FT943-14877 1
418 0 FT943-2636 1
418 0 FT944-14419 1
418 0 FT944-15892 1
418 0 FT944-48 1
418 0 FT944-6970 1
418 0 FT944-8434 1
418 0 FT944-9973 1
418 0 LA010790-0121 1
418 0 LA011190-0156 1
418 0 LA011889-0128 1
418 0 LA012590-0067 1
418 0 LA012690-0047 1
418 0 LA012890-0056 1
418 0 LA012989-0073 1
418 0 LA020589-0188 1
418 0 LA021689-0049 1
418 0 LA021889-0106 1
418 0 LA021989-0211 1
418 0 LA022590-0078 1
418 0 LA030790-0139 1
418 0 LA030890-0005 1
418 0 LA031190-0224 1
418 0 LA031989-0048 1
418 0 LA032289-0006 1
418 0 LA032490-0153 1
418 0 LA032989-0112 1
418 0 LA033090-0132 1
418 0 LA041089-0053 1
418 0 LA041590-0023 1
418 0 LA041789-0097 1
418 0 LA050290-0141 1
418 0 LA050490-0154 1
418 0 LA051289-0169 1
418 0 LA051889-0088 1
418 0 LA052189-0009 1
418 0 LA052589-0174 1
418 0 LA052590-0132 1
418 0 LA052889-0014 1
418 0 LA060489-0053 1
418 0 LA060890-0107 1
418 0 LA060890-0112 1
418 0 LA061790-0038 1
418 0 LA062190-0035 1
418 0 LA062589-0187 1
418 0 LA062889-0123 1
418 0 LA070190-0030 1
418 0 LA070489-0134 1
418 0 LA070690-0086 1
418 0 LA070889-0130 1
418 0 LA072090-0136 1
418 0 LA072389-0042 1
418 0 LA072790-0142 1
418 0 LA073089-0030 1
418 0 LA080390-0070 1
418 0 LA081189-0137 1
418 0 LA081990-0178 1
418 0 LA082989-0013 1
418 0 LA083190-0132 1
418 0 LA090290-0153 1
418 0 LA091490-0151 1
418 0 LA091789-0224 1
418 0 LA091790-0020 1
418 0 LA092390-0041 1
418 0 LA101189-0088 1
418 0 LA101589-0072 1
418 0 LA102189-0167 1
418 0 LA102890-0220 1
418 0 LA111690-0033 1
418 0 LA111690-0045 1
418 0 LA112489-0080 1
418 0 LA112890-0032 1
418 0 LA113090-0012 1
418 0 LA120190-0060 1
418 0 LA120390-0107 1
418 0 LA121589-0136 1
418 0 LA122289-0152 1
418 0 LA122590-0108 1
418 0 LA122890-0035 1
420 0 FBIS3-22133 1
420 0 FBIS3-56360 1
420 0 FBIS4-67486 1
420 0 FR940112-1-00044 1
420 0 FR940516-1-00119 1
420 0 FT933-12612 1
420 0 FT933-12618 1
420 0 FT933-9825 1
420 0 LA010389-0040 1
420 0 LA010390-0086 1
420 0 LA010489-0041 1
420 0 LA011989-0129 1
420 0 LA012489-0059 1
420 0 LA012690-0020 1
420 0 LA012989-0113 1
420 0 LA020689-0022 1
420 0 LA032989-0021 1
420 0 LA040390-0017 1
420 0 LA072089-0139 1
420 0 LA081490-0030 1
420 0 LA101589-0075 1
420 0 LA101590-0075 1
420 0 LA112990-0231 1
420 0 LA120389-0074 1
420 0 LA121289-0035 1
420 0 LA121389-0123 1
420 0 LA121590-0108 1
420 0 LA121590-0131 1
420 0 LA121690-0122 1
420 0 LA121890-0152 1
420 0 LA122689-0070 1
421 0 FBIS3-13309 1
421 0 FBIS3-22199 1
421 0 FBIS3-22249 1
421 0 FBIS3-22301 1
421 0 FBIS3-22419 1
421 0 FBIS3-2468 1
421 0 FBIS3-26226 1
421 0 FBIS3-26609 1
421 0 FBIS3-2711 1
421 0 FBIS3-2761 1
421 0 FBIS3-41586 1
421 0 FBIS3-41646 1
421 0 FBIS3-41652 1
421 0 FBIS3-43040 1
421 0 FBIS3-4717 1
421 0 FBIS3-60325 1
421 0 FBIS3-60336 1
421 0 FBIS4-17409 1
421 0 FBIS4-20692 1
421 0 FBIS4-21427 1
421 0 FBIS4-21485 1
421 0 FBIS4-25731 1
421 0 FBIS4-26069 1
421 0 FBIS4-27645 1
421 0 FBIS4-44724 1
421 0 FBIS4-44914 1
421 0 FBIS4-45748 1
421 0 FBIS4-45750 1
421 0 FBIS4-67546 1
421 0 FBIS4-68757 1
421 0 FR940110-0-00023 1
421 0 FR940118-1-00039 1
421 0 FR940208-0-00047 1
421 0 FR940323-2-00068 1
421 0 FR940412-0-00013 1
421 0 FR940511-1-00077 1
421 0 FR940511-1-00080 1
421 0 FR940511-1-00086 1
421 0 FR940728-1-00059 1
421 0 FR940830-1-00062 1
421 0 FR940830-1-00063 1
421 0 FR940830-1-00085 1
421 0 FR940919-0-00053 1
421 0 FR941007-0-00057 1
421 0 FR941013-1-00066 1
421 0 FR941013-1-00068 1
421 0 FR941017-2-00036 1
421 0 FR941026-1-00019 1
421 0 FR941222-1-00033 1
421 0 FR941222-1-00076 1
421 0 FT911-2922 1
421 0 FT921-3525 1
421 0 FT922-1206 1
421 0 FT922-14197 1
421 0 FT922-3002 1
421 0 FT922-5108 1
421 0 FT923-13224 1
421 0 FT924-13533 1
421 0 FT924-14671 1
421 0 FT924-5366 1
421 0 FT924-8720 1
421 0 FT931-15291 1
421 0 FT932-13558 1
421 0 FT932-13969 1
421 0 FT932-2384 1
421 0 FT932-5 1
421 0 FT933-10478 1
421 0 FT934-10056 1
421 0 FT934-11284 1
421 0 FT934-12375 1
421 0 FT934-17401 1
421 0 FT934-17408 1
421 0 FT934-3773 1
421 0 FT934-817 1
421 0 FT941-14722 1
421 0 FT941-15564 1
421 0 FT941-428 1
421 0 FT942-11794 1
421 0 FT942-15896 1
421 0 FT942-17235 1
421 0 FT942-431 1
421 0 FT943-11361 1
421 0 FT943-4815 1
421 0 FT943-6184 1
421 0 FT943-8765 1
421 0 FT944-10928 1
421 0 FT944-16745 1
421 0 FT944-6158 1
421 0 LA011890-0173 1
421 0 LA012289-0087 1
421 0 LA012590-0182 1
421 0 LA012989-0054 1
421 0 LA022790-0043 1
421 0 LA022890-0016 1
421 0 LA030890-0106 1
421 0 LA051790-0029 1
421 0 LA060889-0118 1
421 0 LA073089-0063 1
421 0 LA080389-0074 1
421 0 LA081089-0038 1
421 0 LA091290-0106 1
421 0 LA122489-0217 1
427 0 FBIS3-22135 1
427 0 FBIS3-41575 1
427 0 FBIS3-43065 1
427 0 FR940112-1-00044 1
427 0 FT921-7202 1
427 0 FT921-8446 1
427 0 FT921-9705 1
427 0 FT922-7705 1
427 0 FT924-1885 1
427 0 FT924-7120 1
427 0 FT931-5371 1
427 0 FT932-4305 1
427 0 FT933-1362 1
427 0 FT934-14520 1
427 0 FT942-9704 1
427 0 FT943-13952 1
427 0 FT943-5736 1
427 0 LA011389-0090 1
427 0 LA021689-0113 1
427 0 LA030289-0123 1
427 0 LA030689-0003 1
427 0 LA050689-0095 1
427 0 LA082089-0008 1
427 0 LA102490-0132 1
427 0 LA103190-0163 1
427 0 LA121889-0073 1
428 0 FBIS3-12001 1
428 0 FBIS3-15982 1
428 0 FBIS3-22421 1
428 0 FBIS3-24021 1
428 0 FBIS3-24065 1
428 0 FBIS3-24074 1
428 0 FBIS3-24133 1
428 0 FBIS3-24191 1
428 0 FBIS3-24330 1
428 0 FBIS3-24384 1
428 0 FBIS3-35195 1
428 0 FBIS3-36082 1
428 0 FBIS3-37556 1
428 0 FBIS3-41717 1
428 0 FBIS3-42810 1
428 0 FBIS3-43004 1
428 0 FBIS3-43042 1
428 0 FBIS3-43066 1
428 0 FBIS3-43075 1
428 0 FBIS3-46698 1
428 0 FBIS3-46906 1
428 0 FBIS3-47040 1
428 0 FBIS3-60307 1
428 0 FBIS3-61092 1
428 0 FBIS3-61368 1
428 0 FBIS3-61373 1
428 0 FBIS3-61443 1
428 0 FBIS3-61444 1
428 0 FBIS4-16198 1
428 0 FBIS4-16662 1
428 0 FBIS4-22416 1
428 0 FBIS4-22429 1
428 0 FBIS4-27210 1
428 0 FBIS4-31127 1
428 0 FBIS4-38972 1
428 0 FBIS4-3960 1
428 0 FBIS4-4109 1
428 0 FBIS4-46831 1
428 0 FBIS4-46915 1
428 0 FBIS4-47098 1
428 0 FBIS4-47143 1
428 0 FBIS4-47578 1
428 0 FBIS4-5423 1
428 0 FBIS4-62081 1
428 0 FBIS4-65670 1
428 0 FBIS4-68624 1
428 0 FBIS4-68676 1
428 0 FT921-1198 1
428 0 FT921-7242 1
428 0 FT922-2782 1
428 0 FT924-11400 1
428 0 FT924-9331 1
428 0 FT924-9350 1
428 0 FT931-13724 1
428 0 FT931-1806 1
428 0 FT931-7593 1
428 0 FT931-892 1
428 0 FT932-13560 1
428 0 FT932-13957 1
428 0 FT932-3141 1
428 0 FT932-8842 1
428 0 FT933-7393 1
428 0 FT933-9521 1
428 0 FT934-12742 1
428 0 FT941-12411 1
428 0 FT941-16778 1
428 0 FT941-9415 1
428 0 FT941-9688 1
428 0 FT942-10229 1
428 0 FT942-11699 1
428 0 FT942-13785 1
428 0 FT942-15273 1
428 0 FT943-11076 1
428 0 FT943-14332 1
428 0 FT943-16216 1
428 0 FT943-4802 1
428 0 FT943-5357 1
428 0 FT943-9226 1
428 0 LA043089-0062 1
428 0 LA090990-0090 1
431 0 FBIS3-1764 1
431 0 FBIS3-1902 1
431 0 FBIS3-1903 1
431 0 FBIS3-20965 1
431 0 FBIS3-20966 1
431 0 FBIS3-20967 1
431 0 FBIS3-3923 1
431 0 FBIS3-40223 1
431 0 FBIS3-40420 1
431 0 FBIS3-40520 1
431 0 FBIS3-40531 1
431 0 FBIS3-42466 1
431 0 FBIS3-4413 1
431 0 FBIS3-46247 1
431 0 FBIS3-59639 1
431 0 FBIS3-59694 1
431 0 FBIS4-44650 1
431 0 FBIS4-44737 1
431 0 FBIS4-44769 1
431 0 FBIS4-44815 1
431 0 FBIS4-44855 1
431 0 FBIS4-68220 1
431 0 FT911-135 1
431 0 FT921-3682 1
431 0 FT921-4470 1
431 0 FT921-7109 1
431 0 FT921-7950 1
431 0 FT921-8893 1
431 0 FT922-11806 1
431 0 FT922-4414 1
431 0 FT922-8032 1
431 0 FT922-9444 1
431 0 FT922-9445 1
431 0 FT923-11658 1
431 0 FT923-13621 1
431 0 FT923-4774 1
431 0 FT923-7461 1
431 0 FT932-769 1
431 0 FT933-12567 1
431 0 FT933-6911 1
431 0 FT934-4378 1
431 0 FT934-8386 1
431 0 FT941-1242 1
431 0 FT941-13625 1
431 0 FT941-15546 1
431 0 FT942-13969 1
431 0 FT942-5669 1
431 0 FT944-18195 1
431 0 LA020690-0057 1
431 0 LA020889-0003 1
431 0 LA030589-0277 1
431 0 LA042689-0150 1
431 0 LA060289-0087 1
431 0 LA070289-0024 1
431 0 LA071789-0059 1
431 0 LA080490-0157 1
431 0 LA081389-0022 1
431 0 LA081490-0052 1
431 0 LA092189-0061 1
431 0 LA092489-0134 1
431 0 LA102989-0052 1
431 0 LA112189-0062 1
431 0 LA120490-0171 1
437 0 FT911-834 1
437 0 FT921-14322 1
437 0 FT921-15570 1
437 0 FT921-658 1
437 0 FT921-7287 1
437 0 FT922-15545 1
437 0 FT922-7857 1
437 0 FT923-13080 1
437 0 FT923-14319 1
437 0 FT923-14400 1
437 0 FT923-15731 1
437 0 FT931-9639 1
437 0 FT933-3647 1
437 0 FT934-968 1
437 0 FT941-12755 1
437 0 FT941-13385 1
437 0 FT941-13850 1
437 0 FT941-2928 1
437 0 FT941-472 1
437 0 FT941-9635 1
437 0 FT941-9840 1
437 0 FT942-10389 1
437 0 FT942-10642 1
437 0 FT942-10643 1
437 0 FT942-10697 1
437 0 FT942-11053 1
437 0 FT942-11096 1
437 0 FT942-11676 1
437 0 FT942-15014 1
437 0 FT942-2249 1
437 0 FT942-6513 1
437 0 FT943-13555 1
437 0 FT943-3666 1
437 0 FT944-1938 1
437 0 FT944-1957 1
437 0 FT944-2147 1
437 0 FT944-2167 1
437 0 FT944-5613 1
437 0 FT944-6736 1
440 0 FBIS3-12946 1
440 0 FBIS3-13955 1
440 0 FBIS3-14478 1
440 0 FBIS3-1849 1
440 0 FBIS3-20336 1
440 0 FBIS3-20402 1
440 0 FBIS3-21373 1
440 0 FBIS3-32132 1
440 0 FBIS4-18373 1
440 0 FBIS4-19117 1
440 0 FBIS4-28035 1
440 0 FBIS4-28039 1
440 0 FBIS4-42828 1
440 0 FBIS4-42880 1
440 0 FBIS4-42911 1
440 0 FBIS4-43035 1
440 0 FBIS4-43246 1
440 0 FBIS4-4997 1
440 0 FBIS4-50569 1
440 0 FBIS4-50830 1
440 0 FBIS4-5198 1
440 0 FBIS4-52681 1
440 0 FBIS4-55270 1
440 0 FBIS4-5852 1
440 0 FBIS4-65736 1
440 0 FBIS4-65867 1
440 0 FBIS4-66529 1
440 0 FBIS4-68723 1
440 0 FT921-2818 1
440 0 FT922-770 1
440 0 FT924-1107 1
440 0 FT931-5001 1
440 0 FT932-5791 1
440 0 FT933-8677 1
440 0 FT933-8694 1
440 0 FT933-9007 1
440 0 FT934-8196 1
440 0 FT934-9422 1
440 0 FT941-1740 1
440 0 FT941-3535 1
440 0 FT941-516 1
440 0 FT941-890 1
440 0 FT942-17293 1
440 0 FT942-3471 1
440 0 FT942-6206 1
440 0 FT942-8040 1
440 0 FT944-12284 1
440 0 LA021090-0137 1
440 0 LA031690-0112 1
440 0 LA031690-0183 1
440 0 LA032290-0007 1
440 0 LA040390-0172 1
440 0 LA040590-0063 1
440 0 LA060689-0153 1
440 0 LA061290-0137 1
440 0 LA112289-0037 1
440 0 LA112689-0137 1
440 0 LA112689-0194 1
442 0 FBIS3-1953 1
442 0 FBIS3-26590 1
442 0 FBIS3-27579 1
442 0 FBIS3-3924 1
442 0 FBIS3-46951 1
442 0 FBIS3-55402 1
442 0 FBIS3-59457 1
442 0 FBIS3-6672 1
442 0 FBIS4-24398 1
442 0 FBIS4-53541 1
442 0 FBIS4-5755 1
442 0 FBIS4-7379 1
442 0 FT932-7507 1
442 0 LA010589-0084 1
442 0 LA011089-0104 1
442 0 LA011390-0057 1
442 0 LA012089-0016 1
442 0 LA012089-0137 1
442 0 LA012590-0020 1
442 0 LA020390-0129 1
442 0 LA021389-0077 1
442 0 LA022190-0007 1
442 0 LA022190-0014 1
442 0 LA022290-0136 1
442 0 LA022390-0043 1
442 0 LA022390-0054 1
442 0 LA022390-0069 1
442 0 LA022689-0107 1
442 0 LA030289-0068 1
442 0 LA031190-0142 1
442 0 LA032290-0211 1
442 0 LA040789-0138 1
442 0 LA041889-0042 1
442 0 LA042289-0075 1
442 0 LA042389-0096 1
442 0 LA042390-0087 1
442 0 LA042890-0079 1
442 0 LA050189-0025 1
442 0 LA050189-0077 1
442 0 LA050389-0001 1
442 0 LA050389-0011 1
442 0 LA050489-0159 1
442 0 LA050890-0125 1
442 0 LA051190-0126 1
442 0 LA051290-0002 1
442 0 LA051390-0183 1
442 0 LA051990-0143 1
442 0 LA052189-0093 1
442 0 LA052490-0236 1
442 0 LA052889-0143 1
442 0 LA060189-0147 1
442 0 LA060290-0004 1
442 0 LA060989-0007 1
442 0 LA060989-0101 1
442 0 LA061690-0123 1
442 0 LA061990-0169 1
442 0 LA062890-0232 1
442 0 LA071090-0093 1
442 0 LA072089-0136 1
442 0 LA072590-0017 1
442 0 LA072790-0069 1
442 0 LA080289-0014 1
442 0 LA082089-0005 1
442 0 LA082089-0074 1
442 0 LA082789-0039 1
442 0 LA082789-0088 1
442 0 LA082789-0106 1
442 0 LA092189-0146 1
442 0 LA100990-0034 1
442 0 LA101289-0002 1
442 0 LA101790-0105 1
442 0 LA102089-0170 1
442 0 LA102390-0071 1
442 0 LA102489-0058 1
442 0 LA102490-0087 1
442 0 LA102689-0081 1
442 0 LA102890-0131 1
442 0 LA110189-0098 1
442 0 LA110290-0120 1
442 0 LA110989-0071 1
442 0 LA111689-0204 1
442 0 LA112290-0058 1
442 0 LA113089-0076 1
442 0 LA120990-0074 1
442 0 LA121089-0170 1
442 0 LA122890-0062 1
445 0 FT921-11838 1
445 0 FT921-11847 1
445 0 FT921-11857 1
445 0 FT921-4820 1
445 0 FT921-7364 1
445 0 FT924-10442 1
445 0 FT924-4560 1
445 0 FT924-6311 1
445 0 FT924-6652 1
445 0 FT924-7590 1
445 0 FT924-8156 1
445 0 FT924-9001 1
445 0 FT931-11616 1
445 0 FT931-17017 1
445 0 FT932-11644 1
445 0 FT932-2151 1
445 0 FT932-6456 1
445 0 FT932-9083 1
445 0 FT933-9689 1
445 0 FT934-11650 1
445 0 FT934-11863 1
445 0 FT934-13060 1
445 0 FT934-3058 1
445 0 FT934-408 1
445 0 FT934-8108 1
445 0 FT941-3868 1
445 0 FT941-7795 1
445 0 FT941-7858 1
445 0 FT941-8007 1
445 0 FT941-8192 1
445 0 FT941-9703 1
445 0 FT942-132 1
445 0 FT942-17503 1
445 0 FT942-2917 1
445 0 FT943-15291 1
445 0 FT943-15333 1
445 0 FT944-1870 1
445 0 LA100289-0105 1
445 0 LA110789-0149 1
448 0 FT911-1248 1
448 0 FT921-11935 1
448 0 FT922-15088 1
448 0 FT922-1727 1
448 0 FT924-4069 1
448 0 FT931-15025 1
448 0 FT931-16401 1
448 0 FT931-16443 1
448 0 FT931-16636 1
448 0 FT931-8485 1
448 0 FT932-14010 1
448 0 FT934-1403 1
448 0 FT934-1954 1
448 0 FT934-9603 1
448 0 FT941-14237 1
448 0 FT942-4810 1
448 0 FT944-15661 1
448 0 FT944-1600 1
448 0 FT944-1624 1
448 0 FT944-17958 1
448 0 FT944-18479 1
448 0 FT944-18499 1
448 0 FT944-18508 1
448 0 FT944-18592 1
448 0 FT944-18877 1
448 0 FT944-18938 1
448 0 LA010589-0124 1
448 0 LA010689-0041 1
448 0 LA012690-0108 1
448 0 LA020889-0093 1
448 0 LA021689-0098 1
448 0 LA021690-0065 1
448 0 LA030589-0073 1
448 0 LA041589-0050 1
448 0 LA050490-0056 1
448 0 LA051090-0143 1
448 0 LA080190-0139 1
448 0 LA082690-0119 1
448 0 LA091189-0050 1
448 0 LA101289-0146 1
448 0 LA111190-0047 1
448 0 LA111390-0147 1
448 0 LA121989-0106 1
448 0 LA122589-0032 1
