351 0 FBIS3-10551 1
351 0 FBIS3-10697 1
351 0 FBIS3-11107 1
351 0 FBIS3-33035 1
351 0 FBIS3-33505 1
351 0 FBIS3-59016 1
351 0 FBIS4-10762 1
351 0 FBIS4-34579 1
351 0 FBIS4-34996 1
351 0 FBIS4-56243 1
351 0 FBIS4-56741 1
351 0 FBIS4-57354 1
351 0 FT921-2097 1
351 0 FT921-6603 1
351 0 FT922-15099 1
351 0 FT931-932 1
351 0 FT932-16710 1
351 0 FT932-6577 1
351 0 FT934-4848 1
351 0 FT934-4856 1
351 0 FT941-13429 1
351 0 FT942-12805 1
351 0 FT943-15117 1
353 0 FBIS3-21000 1
353 0 FBIS3-59748 1
353 0 FBIS3-59752 1
353 0 FBIS3-61405 1
353 0 FBIS4-46656 1
353 0 FBIS4-47305 1
353 0 FBIS4-66443 1
353 0 FR940906-2-00078 1
353 0 FT911-1769 1
353 0 FT911-2534 1
353 0 FT911-2897 1
353 0 FT911-4261 1
353 0 FT911-4348 1
353 0 FT911-4349 1
353 0 FT911-558 1
353 0 FT934-16572 1
353 0 FT943-204 1
353 0 LA032689-0066 1
353 0 LA040689-0058 1
353 0 LA071789-0043 1
353 0 LA100190-0054 1
353 0 LA111690-0059 1
353 0 LA121590-0066 1
355 0 FBIS3-21019 1
355 0 FBIS3-21238 1
355 0 FBIS3-21242 1
355 0 FBIS3-23689 1
355 0 FBIS3-23691 1
355 0 FBIS3-40210 1
355 0 FBIS3-40388 1
355 0 FBIS3-42525 1
355 0 FBIS3-42526 1
355 0 FBIS3-61009 1
355 0 FBIS4-20436 1
355 0 FBIS4-20472 1
355 0 FBIS4-20602 1
355 0 FBIS4-44904 1
355 0 FBIS4-67760 1
355 0 FBIS4-68330 1
358 0 LA011089-0095 1
358 0 LA011289-0070 1
358 0 LA011290-0111 1
358 0 LA012690-0061 1
358 0 LA013089-0044 1
358 0 LA013089-0100 1
358 0 LA013189-0058 1
358 0 LA020289-0091 1
358 0 LA020790-0030 1
358 0 LA030889-0034 1
358 0 LA031889-0124 1
358 0 LA040689-0027 1
358 0 LA040789-0022 1
358 0 LA041290-0114 1
358 0 LA041890-0071 1
358 0 LA041990-0194 1
358 0 LA042590-0030 1
358 0 LA042889-0069 1
358 0 LA050389-0065 1
358 0 LA050389-0106 1
358 0 LA050390-0077 1
358 0 LA050990-0062 1
358 0 LA051889-0059 1
358 0 LA060189-0147 1
358 0 LA060690-0029 1
358 0 LA061490-0039 1
358 0 LA062290-0055 1
358 0 LA072789-0134 1
358 0 LA081189-0092 1
358 0 LA081789-0031 1
358 0 LA091389-0008 1
358 0 LA091390-0260 1
358 0 LA091689-0078 1
358 0 LA092789-0026 1
358 0 LA092789-0070 1
358 0 LA100490-0132 1
358 0 LA101090-0043 1
358 0 LA101290-0077 1
358 0 LA101989-0014 1
358 0 LA102590-0061 1
358 0 LA103090-0194 1
358 0 LA103190-0064 1
358 0 LA110890-0049 1
358 0 LA110989-0177 1
358 0 LA120789-0024 1
358 0 LA121590-0071 1
358 0 LA122290-0113 1
358 0 LA122389-0007 1
358 0 LA122389-0013 1
360 0 FBIS3-41389 1
360 0 FBIS3-57998 1
360 0 FBIS3-60059 1
360 0 FBIS4-10295 1
360 0 FBIS4-21016 1
360 0 FBIS4-21064 1
360 0 FBIS4-21335 1
360 0 FBIS4-32904 1
360 0 FBIS4-42809 1
360 0 FBIS4-45174 1
360 0 FBIS4-45178 1
360 0 FBIS4-45502 1
360 0 FBIS4-45591 1
360 0 FBIS4-56686 1
360 0 FBIS4-56688 1
360 0 FBIS4-56744 1
360 0 FBIS4-56745 1
360 0 FBIS4-56950 1
360 0 FBIS4-57131 1
360 0 FBIS4-57310 1
360 0 FBIS4-57468 1
360 0 FBIS4-57533 1
360 0 FBIS4-57642 1
360 0 FBIS4-67017 1
360 0 FBIS4-67033 1
360 0 FBIS4-67034 1
360 0 FBIS4-67037 1
360 0 FBIS4-67038 1
360 0 FBIS4-67039 1
360 0 FBIS4-67149 1
360 0 FBIS4-67159 1
360 0 FBIS4-67163 1
360 0 FBIS4-67247 1
360 0 FBIS4-67250 1
360 0 FBIS4-67258 1
360 0 FT942-4338 1
360 0 FT942-4346 1
360 0 FT943-2337 1
360 0 LA010190-0004 1
360 0 LA010190-0006 1
360 0 LA011090-0127 1
360 0 LA031289-0044 1
360 0 LA031990-0019 1
360 0 LA031990-0020 1
360 0 LA032590-0030 1
360 0 LA032590-0032 1
360 0 LA032590-0034 1
360 0 LA032590-0137 1
360 0 LA050789-0008 1
360 0 LA062589-0009 1
360 0 LA072990-0058 1
360 0 LA081890-0006 1
360 0 LA090689-0011 1
360 0 LA112089-0024 1
360 0 LA112689-0070 1
360 0 LA121289-0102 1
360 0 LA121389-0019 1
360 0 LA121589-0029 1
362 0 FBIS3-10717 1
362 0 FBIS3-10838 1
362 0 FBIS3-2234 1
362 0 FBIS3-26112 1
362 0 FBIS3-3189 1
362 0 FBIS3-5746 1
362 0 FBIS4-15364 1
362 0 FBIS4-2353 1
362 0 FBIS4-2987 1
362 0 FBIS4-31707 1
362 0 FBIS4-3219 1
362 0 FBIS4-49380 1
362 0 FBIS4-52487 1
362 0 FBIS4-52620 1
362 0 FBIS4-52858 1
362 0 FBIS4-6698 1
362 0 FT932-4965 1
362 0 FT932-5376 1
362 0 LA022889-0154 1
362 0 LA030189-0036 1
362 0 LA030189-0037 1
362 0 LA030289-0080 1
362 0 LA030589-0158 1
362 0 LA030989-0111 1
362 0 LA062989-0189 1
362 0 LA072090-0019 1
362 0 LA072790-0156 1
362 0 LA080590-0106 1
362 0 LA081790-0122 1
362 0 LA081790-0156 1
362 0 LA082390-0171 1
362 0 LA083189-0209 1
362 0 LA111989-0088 1
364 0 FBIS3-22547 1
364 0 FBIS3-22604 1
364 0 FBIS3-22622 1
364 0 FBIS3-22643 1
364 0 FBIS3-22674 1
364 0 FBIS3-4916 1
364 0 FBIS3-60504 1
364 0 FBIS3-60505 1
364 0 FBIS4-33007 1
364 0 FBIS4-45868 1
364 0 FBIS4-62473 1
364 0 FR941006-1-00006 1
364 0 FR941006-1-00007 1
364 0 FT923-5564 1
364 0 FT944-7827 1
364 0 LA021189-0113 1
364 0 LA052790-0209 1
364 0 LA090189-0061 1
364 0 LA100590-0099 1
364 0 LA110689-0034 1
365 0 FT921-10204 1
365 0 FT923-14358 1
365 0 LA021690-0167 1
365 0 LA041890-0004 1
365 0 LA062890-0007 1
365 0 LA070990-0005 1
365 0 LA110390-0071 1
365 0 LA112790-0036 1
365 0 LA123090-0031 1
372 0 FR940118-2-00084 1
372 0 FR940603-2-00117 1
372 0 FR940728-2-00124 1
372 0 FR941207-0-00126 1
372 0 FT923-10784 1
372 0 FT924-6336 1
372 0 FT933-15592 1
372 0 FT941-15351 1
372 0 FT943-6218 1
372 0 LA050390-0182 1
372 0 LA050990-0002 1
372 0 LA052790-0207 1
372 0 LA060390-0083 1
372 0 LA061290-0112 1
372 0 LA073089-0196 1
372 0 LA080889-0069 1
373 0 FR940111-2-00009 1
373 0 FR940727-2-00005 1
373 0 FR940902-0-00008 1
373 0 FR940902-0-00010 1
373 0 FT933-10240 1
373 0 FT943-5307 1
377 0 FBIS3-32581 1
377 0 FBIS4-10443 1
377 0 FR940526-0-00010 1
377 0 FT923-11563 1
377 0 FT924-4990 1
377 0 FT924-8332 1
377 0 FT942-9558 1
377 0 LA010590-0159 1
377 0 LA041289-0040 1
377 0 LA101389-0169 1
377 0 LA102989-0038 1
377 0 LA103090-0054 1
378 0 FBIS3-19398 1
378 0 FBIS4-42685 1
378 0 FT921-3015 1
378 0 FT922-8148 1
378 0 FT923-2373 1
378 0 FT924-14846 1
378 0 FT924-3201 1
378 0 FT932-9815 1
378 0 FT942-8806 1
378 0 FT944-5295 1
384 0 FBIS3-21244 1
384 0 FBIS3-40521 1
384 0 FBIS4-28821 1
384 0 LA040289-0050 1
384 0 LA083090-0083 1
384 0 LA092990-0085 1
384 0 LA092990-0100 1
384 0 LA102289-0040 1
385 0 FBIS3-21153 1
385 0 FBIS3-24648 1
385 0 FBIS3-40371 1
385 0 FBIS3-40372 1
385 0 FBIS3-40471 1
385 0 FBIS3-40529 1
385 0 FBIS3-59552 1
385 0 FBIS3-59761 1
385 0 FBIS3-59783 1
385 0 FBIS3-60384 1
385 0 FBIS4-20560 1
385 0 FBIS4-44635 1
385 0 FBIS4-44698 1
385 0 FBIS4-44700 1
385 0 FBIS4-44701 1
385 0 FBIS4-44852 1
385 0 FBIS4-44853 1
385 0 FBIS4-44854 1
385 0 FBIS4-44893 1
385 0 FBIS4-44896 1
385 0 FBIS4-45674 1
385 0 FBIS4-45710 1
385 0 FBIS4-6674 1
385 0 FR940303-2-00168 1
385 0 FR941219-1-00031 1
385 0 FT921-13170 1
385 0 FT921-15508 1
385 0 FT921-1556 1
385 0 FT923-10730 1
385 0 FT923-11291 1
385 0 FT923-11292 1
385 0 FT923-118 1
385 0 FT923-14293 1
385 0 FT924-2212 1
385 0 FT924-2358 1
385 0 FT924-4725 1
385 0 FT931-10650 1
385 0 FT931-12869 1
385 0 FT932-11810 1
385 0 FT934-814 1
385 0 FT941-17640 1
385 0 FT942-15407 1
385 0 FT942-15408 1
385 0 FT942-15763 1
385 0 FT943-11627 1
385 0 FT943-11934 1
385 0 FT943-8478 1
385 0 FT944-16970 1
385 0 FT944-18127 1
385 0 FT944-18230 1
385 0 FT944-3280 1
385 0 FT944-4751 1
385 0 LA010490-0157 1
385 0 LA010690-0096 1
385 0 LA021390-0042 1
385 0 LA030190-0185 1
385 0 LA031290-0101 1
385 0 LA042489-0048 1
385 0 LA042990-0226 1
385 0 LA050489-0037 1
385 0 LA052389-0119 1
385 0 LA060590-0055 1
385 0 LA061889-0037 1
385 0 LA062489-0113 1
385 0 LA090590-0086 1
385 0 LA111090-0011 1
385 0 LA120790-0112 1
385 0 LA121489-0092 1
387 0 FBIS3-19535 1
387 0 FBIS3-21073 1
387 0 FBIS3-22192 1
387 0 FBIS3-22216 1
387 0 FBIS3-22780 1
387 0 FBIS3-40450 1
387 0 FBIS3-40483 1
387 0 FBIS3-41464 1
387 0 FBIS3-41508 1
387 0 FBIS3-41662 1
387 0 FBIS3-59635 1
387 0 FBIS3-59687 1
387 0 FBIS3-61559 1
387 0 FBIS3-61560 1
387 0 FBIS3-61561 1
387 0 FBIS4-15413 1
387 0 FBIS4-20664 1
387 0 FBIS4-20666 1
387 0 FBIS4-21469 1
387 0 FBIS4-22439 1
387 0 FBIS4-44906 1
387 0 FBIS4-45120 1
387 0 FBIS4-52033 1
387 0 FBIS4-64772 1
387 0 FBIS4-66480 1
387 0 FBIS4-66481 1
387 0 FBIS4-67757 1
387 0 FR940128-2-00066 1
387 0 FR940128-2-00068 1
387 0 FR940406-2-00179 1
387 0 FR940406-2-00182 1
387 0 FR940406-2-00185 1
387 0 FR941103-2-00018 1
387 0 FT923-1836 1
387 0 FT924-13435 1
387 0 FT934-4496 1
387 0 FT943-10163 1
387 0 FT943-10219 1
387 0 FT943-10570 1
387 0 FT943-14601 1
387 0 FT943-7475 1
387 0 FT944-8187 1
387 0 FT944-9355 1
387 0 LA030789-0064 1
387 0 LA100689-0074 1
387 0 LA111890-0124 1
388 0 FBIS4-22502 1
388 0 FT923-15483 1
388 0 FT941-11128 1
388 0 FT941-15271 1
388 0 FT941-427 1
388 0 FT942-12366 1
388 0 FT942-16489 1
388 0 FT943-15995 1
388 0 LA020490-0049 1
388 0 LA040689-0080 1
388 0 LA051290-0016 1
388 0 LA051290-0103 1
388 0 LA051590-0134 1
388 0 LA072690-0138 1
392 0 FBIS3-35 1
392 0 FBIS3-3923 1
392 0 FBIS3-40223 1
392 0 FBIS3-40420 1
392 0 FBIS3-40495 1
392 0 FBIS3-46247 1
392 0 FBIS3-59640 1
392 0 FBIS4-4159 1
392 0 FBIS4-44650 1
392 0 FBIS4-44738 1
392 0 FBIS4-44769 1
392 0 FBIS4-68611 1
392 0 FT921-7950 1
392 0 FT922-11806 1
392 0 FT922-4414 1
392 0 FT922-8032 1
392 0 FT922-9444 1
392 0 FT923-11658 1
392 0 FT923-12990 1
392 0 FT923-4774 1
392 0 FT924-1031 1
392 0 FT931-2017 1
392 0 FT932-769 1
392 0 FT934-4378 1
392 0 FT934-8386 1
392 0 FT941-1242 1
392 0 FT941-13625 1
392 0 FT942-13969 1
392 0 FT943-15023 1
392 0 FT944-18195 1
392 0 LA011190-0213 1
392 0 LA020690-0057 1
392 0 LA022490-0041 1
392 0 LA030589-0277 1
392 0 LA042490-0150 1
392 0 LA070289-0024 1
392 0 LA071789-0059 1
392 0 LA080490-0157 1
392 0 LA081490-0052 1
392 0 LA082490-0060 1
392 0 LA082490-0134 1
392 0 LA082790-0008 1
392 0 LA102989-0052 1
392 0 LA103190-0122 1
392 0 LA112189-0062 1
393 0 FBIS3-3475 1
393 0 LA022890-0156 1
393 0 LA030490-0025 1
393 0 LA033089-0213 1
393 0 LA040789-0168 1
393 0 LA040889-0033 1
393 0 LA041190-0152 1
393 0 LA042789-0026 1
393 0 LA050689-0099 1
393 0 LA051289-0056 1
393 0 LA051389-0048 1
393 0 LA060890-0165 1
393 0 LA060990-0069 1
393 0 LA061090-0035 1
393 0 LA062590-0109 1
393 0 LA062590-0110 1
393 0 LA062690-0110 1
393 0 LA070489-0103 1
393 0 LA072989-0067 1
393 0 LA081690-0202 1
393 0 LA091490-0076 1
393 0 LA100889-0135 1
393 0 LA120689-0143 1
393 0 LA120789-0014 1
393 0 LA121690-0172 1
393 0 LA122290-0050 1
393 0 LA122790-0176 1
396 0 FBIS3-22237 1
396 0 FR940202-2-00140 1
396 0 FR940405-1-00034 1
396 0 FR940405-1-00038 1
396 0 FR940405-1-00039 1
396 0 FR940405-1-00040 1
396 0 FR940405-1-00041 1
396 0 FR940405-1-00042 1
396 0 FR940405-1-00054 1
396 0 FR940405-1-00055 1
396 0 FR940405-1-00059 1
396 0 FR940405-1-00062 1
396 0 FR940405-1-00077 1
396 0 FR940405-1-00084 1
396 0 FR940405-1-00086 1
396 0 FR940405-1-00088 1
396 0 FR940405-1-00092 1
396 0 FR940405-1-00097 1
396 0 FR940405-1-00099 1
396 0 FR940405-1-00114 1
396 0 FR940405-1-00119 1
396 0 FR940405-1-00129 1
396 0 FR940810-0-00067 1
396 0 FR940810-0-00140 1
396 0 FR940810-0-00150 1
396 0 FR940810-0-00155 1
396 0 FR940810-0-00297 1
396 0 FR940810-0-00316 1
396 0 FT911-4484 1
396 0 FT923-2548 1
396 0 FT923-4291 1
396 0 FT923-7392 1
396 0 FT923-9638 1
396 0 FT924-15322 1
396 0 FT944-18520 1
396 0 LA010590-0075 1
396 0 LA010889-0062 1
396 0 LA011289-0025 1
396 0 LA011589-0089 1
396 0 LA011990-0090 1
396 0 LA021890-0216 1
396 0 LA022190-0085 1
396 0 LA042990-0140 1
396 0 LA050590-0018 1
396 0 LA071790-0091 1
396 0 LA080490-0138 1
396 0 LA080889-0101 1
396 0 LA082289-0160 1
396 0 LA091289-0132 1
396 0 LA100690-0080 1
396 0 LA102689-0141 1
396 0 LA102790-0051 1
396 0 LA110389-0072 1
396 0 LA112490-0149 1
396 0 LA120989-0067 1
396 0 LA122189-0010 1
396 0 LA122689-0070 1
399 0 FBIS3-1586 1
399 0 FBIS3-1587 1
399 0 FBIS3-20644 1
399 0 FBIS3-22452 1
399 0 FBIS3-23614 1
399 0 FBIS3-28953 1
399 0 FBIS3-41010 1
399 0 FBIS3-41601 1
399 0 FBIS3-41602 1
399 0 FBIS3-60248 1
399 0 FBIS3-6062 1
399 0 FBIS3-61490 1
399 0 FBIS3-6833 1
399 0 FBIS4-14569 1
399 0 FBIS4-14906 1
399 0 FBIS4-16665 1
399 0 FBIS4-16996 1
399 0 FBIS4-17581 1
399 0 FBIS4-21350 1
399 0 FBIS4-21466 1
399 0 FBIS4-21536 1
399 0 FBIS4-2524 1
399 0 FBIS4-40468 1
399 0 FBIS4-45777 1
399 0 FBIS4-46037 1
399 0 FBIS4-46461 1
399 0 FBIS4-46504 1
399 0 FBIS4-49902 1
399 0 FBIS4-5049 1
399 0 FBIS4-63027 1
399 0 FBIS4-66382 1
399 0 FBIS4-67377 1
399 0 FBIS4-67442 1
399 0 FBIS4-67454 1
399 0 FT944-6974 1
399 0 LA012289-0090 1
399 0 LA040590-0149 1
399 0 LA072989-0035 1
399 0 LA081590-0093 1
399 0 LA120389-0149 1
400 0 FBIS3-10660 1
400 0 FBIS4-11145 1
400 0 FBIS4-11295 1
400 0 FBIS4-34521 1
400 0 FBIS4-44914 1
400 0 FBIS4-67423 1
400 0 FT921-14181 1
400 0 FT921-15902 1
400 0 FT921-1694 1
400 0 FT921-7563 1
400 0 FT921-9394 1
400 0 FT921-9497 1
400 0 FT922-5095 1
400 0 FT922-5538 1
400 0 FT922-5621 1
400 0 FT922-8533 1
400 0 FT931-10187 1
400 0 FT931-6077 1
400 0 FT931-6615 1
400 0 FT943-12730 1
400 0 LA012289-0052 1
400 0 LA012289-0165 1
400 0 LA031289-0053 1
400 0 LA032590-0089 1
400 0 LA040789-0077 1
400 0 LA042389-0057 1
400 0 LA050789-0087 1
400 0 LA060890-0004 1
400 0 LA100290-0091 1
400 0 LA102390-0098 1
400 0 LA121489-0128 1
400 0 LA121489-0140 1
402 0 FT922-7420 1
402 0 FT933-13787 1
402 0 LA041790-0126 1
402 0 LA042990-0032 1
402 0 LA050789-0122 1
402 0 LA062590-0042 1
402 0 LA073090-0057 1
402 0 LA100790-0251 1
402 0 LA101290-0115 1
402 0 LA101690-0121 1
402 0 LA111689-0162 1
403 0 FR940525-1-00050 1
403 0 FR940525-1-00063 1
403 0 FR940525-1-00079 1
403 0 FR940603-2-00065 1
403 0 FT924-979 1
403 0 LA033089-0013 1
403 0 LA041990-0072 1
403 0 LA051889-0006 1
403 0 LA092890-0067 1
405 0 FBIS3-42555 1
405 0 FBIS4-46651 1
405 0 FBIS4-46660 1
405 0 FT911-3681 1
405 0 FT922-11472 1
405 0 FT922-11525 1
405 0 FT922-11742 1
405 0 FT931-16055 1
405 0 FT941-17652 1
405 0 FT943-10128 1
405 0 FT943-3693 1
405 0 FT944-12147 1
405 0 FT944-128 1
405 0 LA011590-0098 1
405 0 LA022689-0112 1
405 0 LA042089-0083 1
405 0 LA051289-0137 1
405 0 LA052890-0021 1
405 0 LA061490-0072 1
405 0 LA071690-0100 1
405 0 LA072390-0060 1
405 0 LA081990-0061 1
405 0 LA082489-0178 1
405 0 LA090489-0037 1
405 0 LA102290-0067 1
405 0 LA102590-0235 1
405 0 LA111789-0151 1
405 0 LA112089-0048 1
405 0 LA120890-0048 1
407 0 FBIS3-22269 1
407 0 FBIS3-22368 1
407 0 FBIS3-41592 1
407 0 FBIS3-60235 1
407 0 FR941104-1-00054 1
407 0 FT921-6003 1
407 0 FT933-7330 1
407 0 FT941-15416 1
407 0 FT942-10464 1
407 0 FT942-17238 1
407 0 LA050889-0063 1
408 0 FBIS4-26773 1
408 0 FBIS4-26836 1
408 0 FR940114-0-00046 1
408 0 FR940317-0-00036 1
408 0 FT911-1221 1
408 0 FT911-1248 1
408 0 FT911-1465 1
408 0 FT911-1803 1
408 0 FT911-1940 1
408 0 FT911-2203 1
408 0 FT911-2317 1
408 0 FT911-815 1
408 0 FT923-1747 1
408 0 FT923-3091 1
408 0 FT923-5267 1
408 0 FT923-5797 1
408 0 FT923-6038 1
408 0 FT923-6110 1
408 0 FT923-6455 1
408 0 FT924-6225 1
408 0 FT931-1199 1
408 0 FT933-15680 1
408 0 FT933-8357 1
408 0 FT933-9488 1
408 0 FT941-17340 1
408 0 FT942-11667 1
408 0 FT943-7718 1
408 0 FT944-16873 1
408 0 FT944-17187 1
408 0 LA010189-0040 1
408 0 LA010189-0046 1
408 0 LA011689-0055 1
408 0 LA020590-0044 1
408 0 LA030490-0101 1
408 0 LA042590-0138 1
408 0 LA061589-0140 1
408 0 LA062590-0054 1
408 0 LA062889-0066 1
408 0 LA062989-0112 1
408 0 LA070589-0011 1
408 0 LA071789-0097 1
408 0 LA072189-0002 1
408 0 LA082690-0108 1
408 0 LA091789-0200 1
408 0 LA091989-0139 1
408 0 LA091990-0146 1
408 0 LA092089-0100 1
408 0 LA092089-0139 1
408 0 LA092189-0125 1
408 0 LA092190-0055 1
408 0 LA092390-0028 1
408 0 LA092689-0087 1
408 0 LA092889-0095 1
408 0 LA092989-0171 1
408 0 LA100389-0075 1
408 0 LA100489-0092 1
408 0 LA100589-0141 1
408 0 LA100889-0098 1
408 0 LA101289-0148 1
408 0 LA101390-0102 1
408 0 LA101490-0142 1
408 0 LA102389-0075 1
408 0 LA111390-0147 1
408 0 LA120489-0058 1
410 0 FBIS3-18733 1
410 0 FBIS3-19679 1
410 0 FBIS3-39341 1
410 0 FBIS3-59001 1
410 0 FBIS3-59008 1
410 0 FBIS4-44277 1
410 0 FBIS4-44278 1
410 0 FBIS4-64577 1
410 0 FBIS4-66008 1
410 0 FT921-7727 1
410 0 FT922-751 1
410 0 FT922-9239 1
410 0 FT924-1015 1
410 0 FT924-3822 1
410 0 FT931-14276 1
410 0 FT932-11119 1
410 0 FT932-12074 1
410 0 FT932-16523 1
410 0 FT933-16910 1
410 0 FT934-14347 1
410 0 FT941-12878 1
410 0 LA062090-0079 1
414 0 FBIS3-12046 1
414 0 FBIS3-24655 1
414 0 FBIS3-36211 1
414 0 FBIS3-61299 1
414 0 FBIS4-10025 1
414 0 FBIS4-10222 1
414 0 FBIS4-10373 1
414 0 FBIS4-38627 1
414 0 FBIS4-9866 1
414 0 FT921-14610 1
414 0 FT921-9644 1
414 0 FT922-8462 1
414 0 FT932-13478 1
414 0 FT944-11926 1
414 0 FT944-12369 1
414 0 LA050690-0129 1
415 0 FBIS3-21846 1
415 0 FBIS3-21943 1
415 0 FBIS3-26005 1
415 0 FBIS3-28711 1
415 0 FBIS3-28834 1
415 0 FBIS3-28835 1
415 0 FBIS3-2893 1
415 0 FBIS3-41107 1
415 0 FBIS3-41110 1
415 0 FBIS3-41163 1
415 0 FBIS3-41168 1
415 0 FBIS3-41249 1
415 0 FBIS3-41250 1
415 0 FBIS3-41251 1
415 0 FBIS3-41253 1
415 0 FBIS3-48057 1
415 0 FBIS3-48150 1
415 0 FBIS3-48525 1
415 0 FBIS3-48526 1
415 0 FBIS3-48590 1
415 0 FBIS3-60025 1
415 0 FBIS3-60083 1
415 0 FBIS3-60183 1
415 0 FBIS3-60184 1
415 0 FBIS3-60185 1
415 0 FBIS3-60189 1
415 0 FBIS4-21166 1
415 0 FBIS4-26800 1
415 0 FBIS4-26801 1
415 0 FBIS4-27446 1
415 0 FBIS4-27476 1
415 0 FBIS4-27658 1
415 0 FBIS4-27974 1
415 0 FBIS4-2802 1
415 0 FBIS4-28038 1
415 0 FBIS4-28068 1
415 0 FBIS4-28073 1
415 0 FBIS4-28569 1
415 0 FBIS4-28571 1
415 0 FBIS4-28726 1
415 0 FBIS4-28925 1
415 0 FBIS4-29647 1
415 0 FBIS4-30455 1
415 0 FBIS4-30456 1
415 0 FBIS4-30503 1
415 0 FBIS4-45211 1
415 0 FBIS4-45212 1
415 0 FBIS4-45299 1
415 0 FBIS4-45300 1
415 0 FBIS4-45301 1
415 0 FBIS4-45307 1
415 0 FBIS4-45308 1
415 0 FBIS4-45309 1
415 0 FBIS4-45370 1
415 0 FBIS4-45371 1
415 0 FBIS4-45372 1
415 0 FBIS4-45375 1
415 0 FBIS4-45377 1
415 0 FBIS4-45455 1
415 0 FBIS4-45456 1
415 0 FBIS4-45458 1
415 0 FBIS4-45569 1
415 0 FBIS4-45575 1
415 0 FBIS4-51610 1
415 0 FBIS4-51752 1
415 0 FBIS4-52472 1
415 0 FBIS4-52641 1
415 0 FBIS4-52642 1
415 0 FBIS4-53131 1
415 0 FBIS4-53751 1
415 0 FBIS4-53899 1
415 0 FBIS4-53900 1
415 0 FBIS4-54384 1
415 0 FBIS4-54385 1
415 0 FBIS4-54386 1
415 0 FBIS4-66982 1
415 0 FBIS4-66983 1
415 0 FBIS4-66984 1
415 0 FBIS4-66995 1
415 0 FBIS4-67078 1
415 0 FBIS4-67079 1
415 0 FBIS4-67081 1
415 0 FBIS4-67097 1
415 0 FBIS4-67187 1
415 0 FBIS4-67188 1
415 0 FBIS4-67203 1
415 0 FBIS4-67276 1
415 0 FBIS4-67292 1
415 0 FT921-3152 1
415 0 FT924-10092 1
415 0 LA050190-0061 1
415 0 LA091689-0063 1
415 0 LA092490-0071 1
415 0 LA121690-0051 1
416 0 FBIS3-20606 1
416 0 FBIS3-20616 1
416 0 FBIS3-20660 1
416 0 FBIS3-26655 1
416 0 FBIS3-44551 1
416 0 FBIS3-45658 1
416 0 FBIS3-45816 1
416 0 FBIS3-45822 1
416 0 FBIS3-46276 1
416 0 FBIS4-11524 1
416 0 FBIS4-1561 1
416 0 FBIS4-2026 1
416 0 FBIS4-3217 1
416 0 FBIS4-44554 1
416 0 FBIS4-44586 1
416 0 FBIS4-47629 1
416 0 FBIS4-49091 1
416 0 FBIS4-66355 1
416 0 FT922-14361 1
416 0 FT922-14835 1
416 0 FT941-12849 1
418 0 FT922-4126 1
418 0 FT922-4172 1
418 0 FT941-15243 1
418 0 LA012890-0056 1
418 0 LA020589-0188 1
418 0 LA021989-0211 1
418 0 LA032289-0006 1
418 0 LA051889-0088 1
418 0 LA060890-0107 1
418 0 LA060890-0112 1
418 0 LA081189-0137 1
418 0 LA091490-0151 1
418 0 LA102189-0167 1
418 0 LA102890-0220 1
420 0 FR940112-1-00044 1
420 0 FT933-12618 1
420 0 LA011989-0129 1
420 0 LA121289-0035 1
420 0 LA121590-0108 1
420 0 LA121890-0152 1
420 0 LA122689-0070 1
421 0 FBIS3-22199 1
421 0 FBIS3-22249 1
421 0 FBIS3-22301 1
421 0 FBIS3-22419 1
421 0 FBIS3-2468 1
421 0 FBIS3-26226 1
421 0 FBIS3-26609 1
421 0 FBIS3-2711 1
421 0 FBIS3-41586 1
421 0 FBIS3-41646 1
421 0 FBIS3-41652 1
421 0 FBIS3-43040 1
421 0 FBIS3-4717 1
421 0 FBIS3-60336 1
421 0 FBIS4-20692 1
421 0 FBIS4-21427 1
421 0 FBIS4-21485 1
421 0 FBIS4-25731 1
421 0 FBIS4-27645 1
421 0 FBIS4-44724 1
421 0 FBIS4-44914 1
421 0 FBIS4-45748 1
421 0 FBIS4-45750 1
421 0 FBIS4-67546 1
421 0 FBIS4-68757 1
421 0 FR940118-1-00039 1
421 0 FR940208-0-00047 1
421 0 FR940323-2-00068 1
421 0 FR940511-1-00077 1
421 0 FR940511-1-00080 1
421 0 FR940511-1-00086 1
421 0 FR940728-1-00059 1
421 0 FR940830-1-00062 1
421 0 FR940830-1-00063 1
421 0 FR940830-1-00085 1
421 0 FR941013-1-00066 1
421 0 FR941017-2-00036 1
421 0 FR941026-1-00019 1
421 0 FR941222-1-00076 1
421 0 FT911-2922 1
421 0 FT921-3525 1
421 0 FT922-1206 1
421 0 FT922-14197 1
421 0 FT922-3002 1
421 0 FT922-5108 1
421 0 FT923-13224 1
421 0 FT924-14671 1
421 0 FT924-5366 1
421 0 FT931-15291 1
421 0 FT932-13558 1
421 0 FT932-2384 1
421 0 FT932-5 1
421 0 FT933-10478 1
421 0 FT934-10056 1
421 0 FT934-12375 1
421 0 FT934-17401 1
421 0 FT934-17408 1
421 0 FT934-3773 1
421 0 FT941-14722 1
421 0 FT941-428 1
421 0 FT942-11794 1
421 0 FT942-15896 1
421 0 FT942-17235 1
421 0 FT942-431 1
421 0 FT943-4815 1
421 0 FT943-6184 1
421 0 FT944-10928 1
421 0 FT944-16745 1
421 0 LA011890-0173 1
421 0 LA012289-0087 1
421 0 LA012590-0182 1
421 0 LA022790-0043 1
421 0 LA022890-0016 1
421 0 LA030890-0106 1
421 0 LA051790-0029 1
421 0 LA060889-0118 1
421 0 LA073089-0063 1
421 0 LA080389-0074 1
421 0 LA081089-0038 1
421 0 LA091290-0106 1
421 0 LA122489-0217 1
427 0 FR940112-1-00044 1
427 0 FT943-13952 1
427 0 FT943-5736 1
427 0 LA082089-0008 1
427 0 LA102490-0132 1
428 0 FBIS3-15982 1
428 0 FBIS3-24191 1
428 0 FBIS3-35195 1
428 0 FBIS3-43066 1
428 0 FBIS3-43075 1
428 0 FBIS3-46698 1
428 0 FBIS3-46906 1
428 0 FBIS3-47040 1
428 0 FBIS3-61443 1
428 0 FBIS4-22416 1
428 0 FBIS4-22429 1
428 0 FBIS4-46831 1
428 0 FBIS4-47098 1
428 0 FBIS4-68624 1
428 0 FT924-11400 1
428 0 FT933-7393 1
428 0 FT934-12742 1
428 0 FT941-9688 1
428 0 FT942-11699 1
428 0 FT943-11076 1
428 0 FT943-4802 1
428 0 FT943-9226 1
428 0 LA043089-0062 1
431 0 FBIS3-20965 1
431 0 FBIS3-20966 1
431 0 FBIS3-20967 1
431 0 FBIS3-3923 1
431 0 FBIS3-40223 1
431 0 FBIS3-40420 1
431 0 FBIS3-40520 1
431 0 FBIS3-40531 1
431 0 FBIS3-4413 1
431 0 FBIS3-46247 1
431 0 FBIS3-59639 1
431 0 FBIS3-59694 1
431 0 FBIS4-44650 1
431 0 FBIS4-44769 1
431 0 FBIS4-44815 1
431 0 FBIS4-68220 1
431 0 FT921-3682 1
431 0 FT921-7109 1
431 0 FT921-7950 1
431 0 FT921-8893 1
431 0 FT922-4414 1
431 0 FT922-9444 1
431 0 FT923-11658 1
431 0 FT923-4774 1
431 0 FT932-769 1
431 0 FT933-6911 1
431 0 FT934-8386 1
431 0 FT941-1242 1
431 0 FT941-13625 1
431 0 FT942-5669 1
431 0 LA020690-0057 1
431 0 LA030589-0277 1
431 0 LA060289-0087 1
431 0 LA080490-0157 1
431 0 LA081389-0022 1
431 0 LA081490-0052 1
431 0 LA092189-0061 1
431 0 LA112189-0062 1
437 0 FT921-658 1
437 0 FT933-3647 1
437 0 FT934-968 1
437 0 FT941-2928 1
437 0 FT943-3666 1
437 0 FT944-1957 1
437 0 FT944-2167 1
440 0 FBIS3-12946 1
440 0 FBIS3-20336 1
440 0 FBIS3-20402 1
440 0 FBIS4-18373 1
440 0 FBIS4-28035 1
440 0 FBIS4-4997 1
440 0 FBIS4-50569 1
440 0 FBIS4-50830 1
440 0 FBIS4-5198 1
440 0 FBIS4-55270 1
440 0 FBIS4-66529 1
440 0 FT921-2818 1
440 0 FT922-770 1
440 0 FT924-1107 1
440 0 FT931-5001 1
440 0 FT932-5791 1
440 0 FT933-8677 1
440 0 FT933-8694 1
440 0 FT934-9422 1
440 0 FT941-1740 1
440 0 FT941-3535 1
440 0 FT941-516 1
440 0 FT941-890 1
440 0 FT942-3471 1
440 0 FT942-6206 1
440 0 FT942-8040 1
440 0 LA021090-0137 1
440 0 LA031690-0183 1
440 0 LA032290-0007 1
440 0 LA040390-0172 1
440 0 LA040590-0063 1
440 0 LA061290-0137 1
440 0 LA112289-0037 1
440 0 LA112689-0137 1
440 0 LA112689-0194 1
442 0 FBIS3-1953 1
442 0 FBIS3-26590 1
442 0 FBIS3-27579 1
442 0 FBIS3-46951 1
442 0 FBIS3-55402 1
442 0 FBIS4-24398 1
442 0 LA010589-0084 1
442 0 LA011089-0104 1
442 0 LA011390-0057 1
442 0 LA012089-0016 1
442 0 LA012089-0137 1
442 0 LA012590-0020 1
442 0 LA020390-0129 1
442 0 LA021389-0077 1
442 0 LA022290-0136 1
442 0 LA022390-0054 1
442 0 LA030289-0068 1
442 0 LA031190-0142 1
442 0 LA040789-0138 1
442 0 LA042289-0075 1
442 0 LA042389-0096 1
442 0 LA042390-0087 1
442 0 LA042890-0079 1
442 0 LA050189-0025 1
442 0 LA050189-0077 1
442 0 LA050389-0001 1
442 0 LA050389-0011 1
442 0 LA050489-0159 1
442 0 LA051190-0126 1
442 0 LA051290-0002 1
442 0 LA051390-0183 1
442 0 LA051990-0143 1
442 0 LA052490-0236 1
442 0 LA052889-0143 1
442 0 LA060189-0147 1
442 0 LA060290-0004 1
442 0 LA060989-0007 1
442 0 LA061690-0123 1
442 0 LA062890-0232 1
442 0 LA072590-0017 1
442 0 LA072790-0069 1
442 0 LA080289-0014 1
442 0 LA082089-0005 1
442 0 LA082089-0074 1
442 0 LA082789-0088 1
442 0 LA082789-0106 1
442 0 LA092189-0146 1
442 0 LA100990-0034 1
442 0 LA101289-0002 1
442 0 LA101790-0105 1
442 0 LA102390-0071 1
442 0 LA102489-0058 1
442 0 LA102490-0087 1
442 0 LA102689-0081 1
442 0 LA102890-0131 1
442 0 LA110189-0098 1
442 0 LA110290-0120 1
442 0 LA110989-0071 1
442 0 LA111689-0204 1
442 0 LA112290-0058 1
442 0 LA113089-0076 1
442 0 LA120990-0074 1
442 0 LA122890-0062 1
445 0 FT921-7364 1
445 0 FT924-10442 1
445 0 FT924-8156 1
445 0 FT924-9001 1
445 0 FT932-11644 1
445 0 FT933-9689 1
445 0 FT934-3058 1
445 0 FT934-408 1
445 0 FT941-3868 1
445 0 FT941-7858 1
445 0 LA100289-0105 1
445 0 LA110789-0149 1
448 0 FT922-15088 1
448 0 FT924-4069 1
448 0 FT931-15025 1
448 0 FT931-16401 1
448 0 FT931-16443 1
448 0 FT931-16636 1
448 0 FT931-8485 1
448 0 FT934-1403 1
448 0 FT934-1954 1
448 0 FT934-9603 1
448 0 FT941-14237 1
448 0 FT944-15661 1
448 0 FT944-18499 1
448 0 FT944-18508 1
448 0 FT944-18592 1
448 0 FT944-18938 1
448 0 LA010589-0124 1
448 0 LA010689-0041 1
448 0 LA012690-0108 1
448 0 LA020889-0093 1
448 0 LA021689-0098 1
448 0 LA021690-0065 1
448 0 LA041589-0050 1
448 0 LA050490-0056 1
448 0 LA051090-0143 1
448 0 LA080190-0139 1
448 0 LA101289-0146 1
448 0 LA111190-0047 1
448 0 LA121989-0106 1
448 0 LA122589-0032 1
