402 0 FBIS3-10134 0
402 0 FBIS3-20885 0
402 0 FBIS3-23649 0
402 0 FBIS3-27407 0
402 0 FBIS3-40327 0
402 0 FBIS3-40654 0
402 0 FBIS3-42766 0
402 0 FBIS3-43036 0
402 0 FBIS3-45203 0
402 0 FBIS3-59756 0
402 0 FBIS4-1549 0
402 0 FBIS4-20522 0
402 0 FBIS4-20645 0
402 0 FBIS4-22896 0
402 0 FBIS4-23016 0
402 0 FBIS4-26716 0
402 0 FBIS4-44458 0
402 0 FBIS4-49251 0
402 0 FBIS4-52043 0
402 0 FBIS4-60762 0
402 0 FBIS4-67439 0
402 0 FR940104-2-00085 0
402 0 FR940127-2-00018 0
402 0 FR940204-2-00090 1
402 0 FR940224-2-00089 0
402 0 FR940323-2-00097 0
402 0 FR940405-1-00062 0
402 0 FR940413-2-00074 0
402 0 FR940426-1-00113 0
402 0 FR940513-2-00008 0
402 0 FR940516-2-00062 0
402 0 FR940525-2-00048 0
402 0 FR940613-2-00064 0
402 0 FR940630-2-00002 0
402 0 FR940705-2-00171 0
402 0 FR940711-2-00084 0
402 0 FR940725-0-00048 0
402 0 FR940802-1-00015 0
402 0 FR940812-2-00253 1
402 0 FR940812-2-00254 0
402 0 FR940816-1-00081 0
402 0 FR940817-2-00228 0
402 0 FR940817-2-00229 0
402 0 FR940817-2-00230 0
402 0 FR940817-2-00231 0
402 0 FR940817-2-00233 0
402 0 FR940817-2-00234 0
402 0 FR940817-2-00235 0
402 0 FR940817-2-00236 0
402 0 FR940817-2-00237 0
402 0 FR940817-2-00238 0
402 0 FR940817-2-00239 0
402 0 FR940817-2-00240 0
402 0 FR940817-2-00241 0
402 0 FR940817-2-00242 0
402 0 FR940817-2-00243 0
402 0 FR940817-2-00249 0
402 0 FR940817-2-00251 0
402 0 FR940817-2-00252 0
402 0 FR940817-2-00253 0
402 0 FR940817-2-00263 0
402 0 FR940906-2-00048 0
402 0 FR940928-2-00056 0
402 0 FR941017-1-00041 0
402 0 FR941026-1-00016 0
402 0 FR941110-1-00115 0
402 0 FR941128-2-00003 0
402 0 FR941213-2-00003 0
402 0 FR941227-0-00016 0
402 0 FT921-11140 1
402 0 FT921-14452 0
402 0 FT922-5737 0
402 0 FT922-715 1
402 0 FT922-7420 2
402 0 FT923-3820 0
402 0 FT923-7735 1
402 0 FT924-6386 0
402 0 FT931-10925 0
402 0 FT931-2736 0
402 0 FT931-5795 0
402 0 FT931-9496 0
402 0 FT932-13552 0
402 0 FT932-282 0
402 0 FT932-7262 1
402 0 FT933-11998 0
402 0 FT933-13787 2
402 0 FT933-16692 0
402 0 FT933-2692 0
402 0 FT933-5693 0
402 0 FT933-6719 0
402 0 FT934-11565 0
402 0 FT934-1290 1
402 0 FT934-2039 0
402 0 FT934-2739 0
402 0 FT934-4660 0
402 0 FT941-3180 0
402 0 FT942-15517 0
402 0 FT942-3637 0
402 0 FT943-15629 0
402 0 FT943-16744 0
402 0 FT943-4851 0
402 0 FT944-12908 1
402 0 FT944-15804 0
402 0 FT944-6606 0
402 0 LA010989-0047 0
402 0 LA011389-0056 0
402 0 LA013190-0169 0
402 0 LA020190-0043 0
402 0 LA020590-0053 0
402 0 LA021689-0115 0
402 0 LA030690-0044 0
402 0 LA032290-0148 1
402 0 LA040990-0045 0
402 0 LA041790-0126 2
402 0 LA041990-0068 0
402 0 LA042690-0069 0
402 0 LA042990-0020 1
402 0 LA042990-0032 2
402 0 LA050789-0122 3
402 0 LA050989-0168 0
402 0 LA051989-0006 0
402 0 LA060589-0049 1
402 0 LA060590-0115 0
402 0 LA062089-0028 0
402 0 LA062289-0068 0
402 0 LA062590-0042 2
402 0 LA062890-0104 0
402 0 LA070390-0117 0
402 0 LA070590-0178 0
402 0 LA071689-0207 0
402 0 LA072989-0066 0
402 0 LA073090-0056 0
402 0 LA073090-0057 2
402 0 LA081490-0123 0
402 0 LA090389-0004 0
402 0 LA090789-0104 1
402 0 LA091589-0015 0
402 0 LA093089-0065 1
402 0 LA100189-0053 1
402 0 LA100589-0130 0
402 0 LA100790-0251 2
402 0 LA100889-0040 0
402 0 LA100889-0041 0
402 0 LA101290-0115 3
402 0 LA101390-0155 0
402 0 LA101589-0047 0
402 0 LA101690-0121 2
402 0 LA102390-0093 0
402 0 LA110590-0024 0
402 0 LA111590-0041 1
402 0 LA111689-0162 3
402 0 LA112090-0153 0
402 0 LA112189-0147 0
402 0 LA120389-0120 0
402 0 LA121189-0004 0
402 0 LA122589-0046 0
448 0 FT923-15284 0
448 0 FT923-6141 0
448 0 FT924-12552 0
448 0 FT924-4069 2
448 0 FT924-4157 0
448 0 FT924-9738 0
448 0 FT931-12132 0
448 0 FT931-13755 0
448 0 FT931-15025 2
448 0 FT931-15279 0
448 0 FT931-16401 2
448 0 FT931-16443 2
448 0 FT931-16470 0
448 0 FT931-16636 2
448 0 FT931-3603 0
448 0 FT931-6966 0
448 0 FT931-8485 2
448 0 FT932-10607 0
448 0 FT932-14010 1
448 0 FT932-2429 0
448 0 FT932-6352 0
448 0 FT933-12493 0
448 0 FT933-15630 0
448 0 FT933-7505 0
448 0 FT934-13657 0
448 0 FT934-1403 2
448 0 FT934-1954 2
448 0 FT934-2742 0
448 0 FT934-8644 0
448 0 FT934-9603 2
448 0 FT941-11514 0
448 0 FT941-14237 2
448 0 FT941-14248 0
448 0 FT941-4108 0
448 0 FT941-9950 0
448 0 FT942-13087 0
448 0 FT942-2141 0
448 0 FT942-4810 1
448 0 FT942-8493 0
448 0 FT943-13641 0
448 0 FT943-178 0
448 0 FT943-3781 0
448 0 FT943-6917 0
448 0 FT943-8781 0
448 0 FT944-12648 0
448 0 FT944-15661 2
448 0 FT944-1600 1
448 0 FT944-1624 1
448 0 FT944-16285 0
448 0 FT944-17958 1
448 0 FT944-18479 1
448 0 FT944-18499 3
448 0 FT944-18508 3
448 0 FT944-18592 2
448 0 FT944-18722 0
448 0 FT944-18877 1
448 0 FT944-18938 2
448 0 FT944-2254 0
448 0 FT944-4649 0
448 0 FT944-8975 0
448 0 LA010490-0017 0
448 0 LA010490-0037 0
448 0 LA010490-0057 0
448 0 LA010589-0124 2
448 0 LA010689-0041 2
448 0 LA011589-0130 0
448 0 LA012190-0213 0
448 0 LA012690-0108 2
448 0 LA020889-0093 2
448 0 LA020990-0120 0
448 0 LA021689-0098 2
448 0 LA021690-0065 2
448 0 LA022689-0005 0
448 0 LA030589-0073 1
448 0 LA032290-0215 0
448 0 LA040590-0149 0
448 0 LA041589-0050 2
448 0 LA042489-0051 0
448 0 LA050490-0056 2
448 0 LA051090-0143 2
448 0 LA060189-0027 0
448 0 LA061190-0090 0
448 0 LA062589-0156 0
448 0 LA071189-0127 0
448 0 LA072589-0007 0
448 0 LA080190-0139 3
448 0 LA081089-0114 0
448 0 LA082690-0119 1
448 0 LA082690-0123 0
448 0 LA091189-0050 1
448 0 LA092889-0093 0
448 0 LA101190-0007 0
448 0 LA101289-0146 2
448 0 LA102390-0139 0
448 0 LA110190-0244 0
448 0 LA111190-0047 2
448 0 LA111390-0147 1
448 0 LA111990-0047 0
448 0 LA120389-0130 0
448 0 LA121989-0106 2
448 0 LA122089-0059 0
448 0 LA122589-0032 2
448 0 LA123190-0041 0