402 0 FBIS3-10134 0
402 0 FBIS3-20885 0
402 0 FBIS3-23649 0
402 0 FBIS3-27407 0
402 0 FBIS3-40327 0
402 0 FBIS3-40654 0
402 0 FBIS3-42766 0
402 0 FBIS3-43036 0
402 0 FBIS3-45203 0
402 0 FBIS3-59756 0
402 0 FBIS4-1549 0
402 0 FBIS4-20522 0
402 0 FBIS4-20645 0
402 0 FBIS4-22896 0
402 0 FBIS4-23016 0
402 0 FBIS4-26716 0
402 0 FBIS4-44458 0
402 0 FBIS4-49251 0
402 0 FBIS4-52043 0
402 0 FBIS4-60762 0
402 0 FBIS4-67439 0
402 0 FR940104-2-00085 0
402 0 FR940127-2-00018 0
402 0 FR940204-2-00090 1
402 0 FR940224-2-00089 0
402 0 FR940323-2-00097 0
402 0 FR940405-1-00062 0
402 0 FR940413-2-00074 0
402 0 FR940426-1-00113 0
402 0 FR940513-2-00008 0
402 0 FR940516-2-00062 0
402 0 FR940525-2-00048 0
402 0 FR940613-2-00064 0
402 0 FR940630-2-00002 0
402 0 FR940705-2-00171 0
402 0 FR940711-2-00084 0
402 0 FR940725-0-00048 0
402 0 FR940802-1-00015 0
402 0 FR940812-2-00253 1
402 0 FR940812-2-00254 0
402 0 FR940816-1-00081 0
402 0 FR940817-2-00228 0
402 0 FR940817-2-00229 0
402 0 FR940817-2-00230 0
402 0 FR940817-2-00231 0
402 0 FR940817-2-00233 0
402 0 FR940817-2-00234 0
402 0 FR940817-2-00235 0
402 0 FR940817-2-00236 0
402 0 FR940817-2-00237 0
402 0 FR940817-2-00238 0
402 0 FR940817-2-00239 0
402 0 FR940817-2-00240 0
402 0 FR940817-2-00241 0
402 0 FR940817-2-00242 0
402 0 FR940817-2-00243 0
402 0 FR940817-2-00249 0
402 0 FR940817-2-00251 0
402 0 FR940817-2-00252 0
402 0 FR940817-2-00253 0
402 0 FR940817-2-00263 0
402 0 FR940906-2-00048 0
402 0 FR940928-2-00056 0
402 0 FR941017-1-00041 0
402 0 FR941026-1-00016 0
402 0 FR941110-1-00115 0
402 0 FR941128-2-00003 0
402 0 FR941213-2-00003 0
402 0 FR941227-0-00016 0
402 0 FT921-11140 1
402 0 FT921-14452 0
402 0 FT922-5737 0
402 0 FT922-715 1
402 0 FT922-7420 2
402 0 FT923-3820 0
402 0 FT923-7735 1
402 0 FT924-6386 0
402 0 FT931-10925 0
402 0 FT931-2736 0
402 0 FT931-5795 0
402 0 FT931-9496 0
402 0 FT932-13552 0
402 0 FT932-282 0
402 0 FT932-7262 1
402 0 FT933-11998 0
402 0 FT933-13787 2
402 0 FT933-16692 0
402 0 FT933-2692 0
402 0 FT933-5693 0
402 0 FT933-6719 0
402 0 FT934-11565 0
402 0 FT934-1290 1
402 0 FT934-2039 0
402 0 FT934-2739 0
402 0 FT934-4660 0
402 0 FT941-3180 0
402 0 FT942-15517 0
402 0 FT942-3637 0
402 0 FT943-15629 0
402 0 FT943-16744 0
402 0 FT943-4851 0
402 0 FT944-12908 1
402 0 FT944-15804 0
402 0 FT944-6606 0
402 0 LA010989-0047 0
402 0 LA011389-0056 0
402 0 LA013190-0169 0
402 0 LA020190-0043 0
402 0 LA020590-0053 0
402 0 LA021689-0115 0
402 0 LA030690-0044 0
402 0 LA032290-0148 1
402 0 LA040990-0045 0
402 0 LA041790-0126 2
402 0 LA041990-0068 0
402 0 LA042690-0069 0
402 0 LA042990-0020 1
402 0 LA042990-0032 2
402 0 LA050789-0122 3
402 0 LA050989-0168 0
402 0 LA051989-0006 0
402 0 LA060589-0049 1
402 0 LA060590-0115 0
402 0 LA062089-0028 0
402 0 LA062289-0068 0
402 0 LA062590-0042 2
402 0 LA062890-0104 0
402 0 LA070390-0117 0
402 0 LA070590-0178 0
402 0 LA071689-0207 0
402 0 LA072989-0066 0
402 0 LA073090-0056 0
402 0 LA073090-0057 2
402 0 LA081490-0123 0
402 0 LA090389-0004 0
402 0 LA090789-0104 1
402 0 LA091589-0015 0
402 0 LA093089-0065 1
402 0 LA100189-0053 1
402 0 LA100589-0130 0
402 0 LA100790-0251 2
402 0 LA100889-0040 0
402 0 LA100889-0041 0
402 0 LA101290-0115 3
402 0 LA101390-0155 0
402 0 LA101589-0047 0
402 0 LA101690-0121 2
402 0 LA102390-0093 0
402 0 LA110590-0024 0
402 0 LA111590-0041 1
402 0 LA111689-0162 3
402 0 LA112090-0153 0
402 0 LA112189-0147 0
402 0 LA120389-0120 0
402 0 LA121189-0004 0
402 0 LA122589-0046 0
403 0 FBIS3-10690 0
403 0 FBIS3-21795 0
403 0 FBIS3-39229 0
403 0 FBIS4-23663 0
403 0 FBIS4-34847 0
403 0 FBIS4-47581 0
403 0 FBIS4-54007 0
403 0 FR940303-1-00047 0
403 0 FR940304-1-00168 0
403 0 FR940503-0-00085 0
403 0 FR940525-1-00050 2
403 0 FR940525-1-00058 0
403 0 FR940525-1-00062 0
403 0 FR940525-1-00063 2
403 0 FR940525-1-00078 0
403 0 FR940525-1-00079 2
403 0 FR940525-1-00085 0
403 0 FR940603-2-00065 3
403 0 FR940610-1-00059 0
403 0 FR940713-0-00029 0
403 0 FR940825-0-00006 0
403 0 FR941025-1-00008 0
403 0 FR941206-0-00008 0
403 0 FR941206-1-00017 0
403 0 FR941230-1-00013 0
403 0 FT922-15297 0
403 0 FT924-979 2
403 0 FT931-2736 0
403 0 FT932-1044 0
403 0 FT934-9029 0
403 0 FT942-4198 0
403 0 FT943-9068 0
403 0 FT944-2267 0
403 0 LA010390-0067 0
403 0 LA010589-0059 0
403 0 LA010790-0103 0
403 0 LA011389-0029 0
403 0 LA011890-0027 0
403 0 LA020490-0136 1
403 0 LA020889-0141 0
403 0 LA030190-0169 0
403 0 LA032290-0151 1
403 0 LA032390-0070 0
403 0 LA032489-0093 0
403 0 LA033089-0013 3
403 0 LA041990-0072 2
403 0 LA042189-0027 0
403 0 LA051889-0006 3
403 0 LA052290-0110 0
403 0 LA052989-0032 0
403 0 LA062790-0095 0
403 0 LA071290-0133 0
403 0 LA072289-0144 0
403 0 LA090789-0017 0
403 0 LA092890-0067 3
403 0 LA101689-0095 0
403 0 LA102590-0199 0
403 0 LA111089-0129 0
403 0 LA120889-0165 0
403 0 LA122289-0077 0
403 0 LA122790-0172 0
403 0 LA123189-0132 0
405 0 FBIS3-1067 0
405 0 FBIS3-15048 0
405 0 FBIS3-21081 0
405 0 FBIS3-23604 0
405 0 FBIS3-2493 0
405 0 FBIS3-31431 0
405 0 FBIS3-39178 0
405 0 FBIS3-41454 0
405 0 FBIS3-42518 0
405 0 FBIS3-42550 0
405 0 FBIS3-42552 1
405 0 FBIS3-42553 1
405 0 FBIS3-42555 2
405 0 FBIS3-466 0
405 0 FBIS3-54889 0
405 0 FBIS3-59918 1
405 0 FBIS3-6774 0
405 0 FBIS3-8104 0
405 0 FBIS3-9407 0
405 0 FBIS4-17685 0
405 0 FBIS4-22629 0
405 0 FBIS4-31159 0
405 0 FBIS4-45141 0
405 0 FBIS4-46651 2
405 0 FBIS4-46660 2
405 0 FBIS4-47294 0
405 0 FBIS4-50426 0
405 0 FBIS4-66312 0
405 0 FBIS4-68287 0
405 0 FR940112-0-00053 0
405 0 FR940208-0-00075 0
405 0 FR940328-2-00119 0
405 0 FR940503-2-00021 0
405 0 FR940527-1-00149 0
405 0 FR940603-2-00109 0
405 0 FR940719-0-00019 0
405 0 FR940811-2-00104 0
405 0 FR940831-2-00048 0
405 0 FR941006-1-00129 0
405 0 FR941027-1-00030 0
405 0 FR941130-0-00140 0
405 0 FR941222-0-00022 0
405 0 FT911-3681 2
405 0 FT911-4499 0
405 0 FT921-6788 0
405 0 FT921-830 0
405 0 FT922-11472 2
405 0 FT922-11525 3
405 0 FT922-11742 2
405 0 FT922-13455 0
405 0 FT922-8685 0
405 0 FT924-12960 0
405 0 FT931-16055 2
405 0 FT931-17077 0
405 0 FT932-5036 1
405 0 FT933-16663 0
405 0 FT933-8182 0
405 0 FT934-3086 0
405 0 FT941-14251 0
405 0 FT941-17652 2
405 0 FT941-6943 0
405 0 FT942-16638 0
405 0 FT942-5875 0
405 0 FT943-10128 2
405 0 FT943-13986 1
405 0 FT943-14095 0
405 0 FT943-3351 0
405 0 FT943-3693 2
405 0 FT944-12147 2
405 0 FT944-128 3
405 0 FT944-16191 0
405 0 FT944-864 0
405 0 LA010889-0109 0
405 0 LA011590-0098 2
405 0 LA012289-0015 0
405 0 LA020190-0053 1
405 0 LA021589-0091 0
405 0 LA022689-0112 2
405 0 LA030490-0124 0
405 0 LA031890-0075 0
405 0 LA040390-0016 0
405 0 LA041689-0100 0
405 0 LA042089-0083 2
405 0 LA050190-0030 0
405 0 LA051289-0137 3
405 0 LA051290-0134 0
405 0 LA052890-0021 2
405 0 LA053190-0193 0
405 0 LA061490-0072 3
405 0 LA062390-0134 0
405 0 LA071089-0029 0
405 0 LA071690-0100 2
405 0 LA071990-0250 0
405 0 LA072390-0060 2
405 0 LA080889-0066 1
405 0 LA081990-0061 2
405 0 LA082489-0178 2
405 0 LA090489-0037 3
405 0 LA090990-0056 0
405 0 LA092290-0181 0
405 0 LA101089-0028 0
405 0 LA101890-0240 0
405 0 LA102290-0067 2
405 0 LA102590-0235 3
405 0 LA110289-0084 0
405 0 LA111789-0151 2
405 0 LA111890-0012 0
405 0 LA112089-0048 2
405 0 LA112690-0067 1
405 0 LA120390-0126 1
405 0 LA120890-0048 2
405 0 LA121190-0160 1
405 0 LA122090-0004 0
407 0 FBIS3-10216 0
407 0 FBIS3-22268 1
407 0 FBIS3-22269 2
407 0 FBIS3-22307 0
407 0 FBIS3-22368 2
407 0 FBIS3-26050 0
407 0 FBIS3-26365 1
407 0 FBIS3-35705 0
407 0 FBIS3-36440 0
407 0 FBIS3-40450 0
407 0 FBIS3-41430 1
407 0 FBIS3-41592 2
407 0 FBIS3-42601 0
407 0 FBIS3-4480 0
407 0 FBIS3-59382 0
407 0 FBIS3-60235 2
407 0 FBIS3-60340 1
407 0 FBIS4-16712 0
407 0 FBIS4-21358 0
407 0 FBIS4-21421 1
407 0 FBIS4-2216 1
407 0 FBIS4-24390 0
407 0 FBIS4-2734 0
407 0 FBIS4-45041 0
407 0 FBIS4-45736 0
407 0 FBIS4-45779 1
407 0 FBIS4-49527 0
407 0 FBIS4-5658 0
407 0 FBIS4-67356 0
407 0 FBIS4-68784 0
407 0 FR940106-1-00116 0
407 0 FR940114-2-00096 0
407 0 FR940124-2-00005 0
407 0 FR940202-1-00041 0
407 0 FR940204-1-00069 0
407 0 FR940222-2-00057 0
407 0 FR940314-1-00033 0
407 0 FR940325-2-00249 0
407 0 FR940404-1-00046 0
407 0 FR940407-2-00084 0
407 0 FR940428-2-00145 0
407 0 FR940505-2-00064 0
407 0 FR940513-2-00119 0
407 0 FR940603-0-00098 0
407 0 FR940616-1-00016 0
407 0 FR940712-1-00031 0
407 0 FR940720-1-00050 0
407 0 FR940802-0-00094 0
407 0 FR940810-2-00080 0
407 0 FR940902-1-00052 0
407 0 FR940913-2-00070 0
407 0 FR941004-1-00065 0
407 0 FR941021-1-00073 0
407 0 FR941103-0-00133 0
407 0 FR941104-1-00045 1
407 0 FR941104-1-00047 0
407 0 FR941104-1-00054 2
407 0 FR941122-0-00055 0
407 0 FR941207-1-00023 0
407 0 FR941219-2-00097 0
407 0 FT921-15886 1
407 0 FT921-15901 0
407 0 FT921-3082 0
407 0 FT921-6003 2
407 0 FT921-9144 0
407 0 FT922-4424 0
407 0 FT923-1974 0
407 0 FT923-4655 0
407 0 FT924-5404 0
407 0 FT931-6078 1
407 0 FT932-12511 1
407 0 FT932-16493 1
407 0 FT932-7459 1
407 0 FT932-7655 0
407 0 FT933-2396 1
407 0 FT933-4912 0
407 0 FT933-5757 1
407 0 FT933-7330 2
407 0 FT933-9176 1
407 0 FT934-12959 1
407 0 FT934-16947 0
407 0 FT934-2755 0
407 0 FT941-14920 0
407 0 FT941-15415 0
407 0 FT941-15416 2
407 0 FT941-2746 1
407 0 FT941-5453 1
407 0 FT942-10464 2
407 0 FT942-17238 3
407 0 FT942-17525 0
407 0 FT943-6371 0
407 0 FT943-8480 1
407 0 FT944-11473 1
407 0 FT944-8277 1
407 0 LA010189-0002 0
407 0 LA011490-0067 1
407 0 LA011990-0103 0
407 0 LA012490-0111 0
407 0 LA012589-0100 0
407 0 LA021790-0156 0
407 0 LA021890-0065 1
407 0 LA022689-0070 1
407 0 LA030189-0109 0
407 0 LA030289-0054 0
407 0 LA030689-0010 0
407 0 LA032189-0069 0
407 0 LA032689-0196 1
407 0 LA033090-0084 1
407 0 LA040890-0150 0
407 0 LA041489-0143 0
407 0 LA042290-0017 0
407 0 LA042290-0101 0
407 0 LA050189-0016 0
407 0 LA050290-0049 0
407 0 LA050489-0070 0
407 0 LA050889-0063 3
407 0 LA051990-0043 1
407 0 LA060390-0131 0
407 0 LA062490-0004 0
407 0 LA062989-0013 0
407 0 LA070789-0156 0
407 0 LA071590-0042 1
407 0 LA071889-0158 1
407 0 LA071989-0024 1
407 0 LA072290-0173 0
407 0 LA080289-0011 0
407 0 LA080590-0065 1
407 0 LA081690-0137 0
407 0 LA082090-0058 0
407 0 LA082889-0023 0
407 0 LA091389-0134 0
407 0 LA100189-0051 0
407 0 LA100189-0102 0
407 0 LA100789-0152 0
407 0 LA101989-0151 0
407 0 LA111190-0042 1
407 0 LA111989-0072 0
407 0 LA112890-0007 0
407 0 LA121089-0007 1
407 0 LA121089-0033 0
408 0 FBIS3-12406 0
408 0 FBIS3-21865 0
408 0 FBIS3-29576 0
408 0 FBIS3-40091 0
408 0 FBIS3-43132 0
408 0 FBIS3-58 0
408 0 FBIS4-11950 0
408 0 FBIS4-1860 1
408 0 FBIS4-22686 0
408 0 FBIS4-25610 1
408 0 FBIS4-25767 1
408 0 FBIS4-25818 1
408 0 FBIS4-25945 1
408 0 FBIS4-25977 1
408 0 FBIS4-26004 0
408 0 FBIS4-26718 0
408 0 FBIS4-26769 1
408 0 FBIS4-26773 2
408 0 FBIS4-26774 1
408 0 FBIS4-26836 2
408 0 FBIS4-26889 1
408 0 FBIS4-27189 0
408 0 FBIS4-37779 0
408 0 FBIS4-45947 0
408 0 FBIS4-57220 0
408 0 FBIS4-66270 0
408 0 FBIS4-67533 1
408 0 FBIS4-68729 0
408 0 FR940104-0-00034 0
408 0 FR940114-0-00046 2
408 0 FR940202-0-00092 0
408 0 FR940317-0-00036 2
408 0 FR940317-0-00037 1
408 0 FR940413-2-00130 0
408 0 FR940706-2-00126 0
408 0 FR940711-0-00060 0
408 0 FR940727-2-00116 1
408 0 FR940727-2-00117 1
408 0 FR940727-2-00118 1
408 0 FR940728-2-00129 1
408 0 FR940728-2-00131 1
408 0 FR940728-2-00132 1
408 0 FR940812-2-00217 1
408 0 FR940831-2-00107 0
408 0 FR940831-2-00127 1
408 0 FR940906-2-00093 1
408 0 FR941020-0-00060 0
408 0 FR941025-2-00049 1
408 0 FR941207-2-00098 1
408 0 FR941212-0-00124 0
408 0 FT911-1221 2
408 0 FT911-124 1
408 0 FT911-1248 3
408 0 FT911-1465 3
408 0 FT911-1803 2
408 0 FT911-1940 2
408 0 FT911-2203 2
408 0 FT911-2317 2
408 0 FT911-396 1
408 0 FT911-439 1
408 0 FT911-815 2
408 0 FT921-13178 0
408 0 FT922-13211 0
408 0 FT922-7291 0
408 0 FT923-1747 2
408 0 FT923-2326 1
408 0 FT923-3091 2
408 0 FT923-4094 1
408 0 FT923-4395 1
408 0 FT923-5267 2
408 0 FT923-5797 3
408 0 FT923-6038 2
408 0 FT923-6110 3
408 0 FT923-6455 2
408 0 FT923-6560 1
408 0 FT923-6582 0
408 0 FT923-6592 1
408 0 FT923-7955 0
408 0 FT924-15166 0
408 0 FT924-1774 1
408 0 FT924-6225 2
408 0 FT924-9182 1
408 0 FT931-1199 2
408 0 FT931-14687 0
408 0 FT931-5706 1
408 0 FT932-16234 0
408 0 FT933-13594 0
408 0 FT933-15680 2
408 0 FT933-3525 0
408 0 FT933-5307 0
408 0 FT933-774 0
408 0 FT933-8357 2
408 0 FT933-9488 3
408 0 FT934-3699 0
408 0 FT941-17340 3
408 0 FT941-5856 0
408 0 FT942-10710 1
408 0 FT942-11667 2
408 0 FT942-4932 0
408 0 FT943-15451 1
408 0 FT943-4473 1
408 0 FT943-7718 2
408 0 FT944-16873 2
408 0 FT944-17187 2
408 0 LA010189-0040 2
408 0 LA010189-0046 2
408 0 LA010189-0113 0
408 0 LA010289-0060 1
408 0 LA011389-0030 0
408 0 LA011689-0055 2
408 0 LA020490-0212 0
408 0 LA020590-0044 2
408 0 LA022290-0107 0
408 0 LA030490-0101 2
408 0 LA030990-0199 0
408 0 LA041789-0052 0
408 0 LA042290-0100 1
408 0 LA042590-0138 2
408 0 LA052189-0006 0
408 0 LA052189-0093 1
408 0 LA061589-0140 2
408 0 LA062290-0070 0
408 0 LA062590-0054 2
408 0 LA062889-0066 2
408 0 LA062989-0112 3
408 0 LA070589-0011 2
408 0 LA071789-0097 2
408 0 LA071989-0006 0
408 0 LA072189-0002 2
408 0 LA072389-0078 1
408 0 LA080289-0083 1
408 0 LA080789-0089 0
408 0 LA082189-0033 0
408 0 LA082690-0108 2
408 0 LA083090-0002 1
408 0 LA091189-0050 1
408 0 LA091189-0051 1
408 0 LA091189-0112 1
408 0 LA091789-0200 3
408 0 LA091890-0044 0
408 0 LA091989-0139 3
408 0 LA091990-0146 2
408 0 LA092089-0100 2
408 0 LA092089-0139 2
408 0 LA092189-0125 2
408 0 LA092189-0139 1
408 0 LA092190-0055 3
408 0 LA092289-0103 1
408 0 LA092390-0028 2
408 0 LA092689-0087 2
408 0 LA092789-0093 1
408 0 LA092889-0095 2
408 0 LA092989-0171 3
408 0 LA100289-0005 1
408 0 LA100389-0075 2
408 0 LA100489-0092 2
408 0 LA100589-0141 2
408 0 LA100590-0178 1
408 0 LA100889-0098 2
408 0 LA100890-0072 1
408 0 LA101289-0074 1
408 0 LA101289-0148 2
408 0 LA101390-0102 2
408 0 LA101490-0135 0
408 0 LA101490-0142 2
408 0 LA101689-0100 1
408 0 LA102389-0075 3
408 0 LA102489-0089 1
408 0 LA110790-0045 0
408 0 LA111390-0147 3
408 0 LA120389-0073 1
408 0 LA120389-0130 1
408 0 LA120489-0058 3
408 0 LA122189-0139 0
408 0 LA123090-0152 0
410 0 FBIS3-10317 0
410 0 FBIS3-17073 0
410 0 FBIS3-18733 2
410 0 FBIS3-19047 0
410 0 FBIS3-19523 1
410 0 FBIS3-19679 2
410 0 FBIS3-1991 0
410 0 FBIS3-20175 0
410 0 FBIS3-20176 0
410 0 FBIS3-21771 0
410 0 FBIS3-24002 0
410 0 FBIS3-30234 0
410 0 FBIS3-34231 0
410 0 FBIS3-36896 0
410 0 FBIS3-38434 0
410 0 FBIS3-39341 2
410 0 FBIS3-39353 0
410 0 FBIS3-40050 0
410 0 FBIS3-40450 0
410 0 FBIS3-42470 0
410 0 FBIS3-43214 0
410 0 FBIS3-48945 0
410 0 FBIS3-54575 0
410 0 FBIS3-57961 1
410 0 FBIS3-58351 0
410 0 FBIS3-59001 2
410 0 FBIS3-59008 2
410 0 FBIS3-60809 0
410 0 FBIS3-9862 0
410 0 FBIS4-16582 0
410 0 FBIS4-19003 0
410 0 FBIS4-19249 0
410 0 FBIS4-22175 0
410 0 FBIS4-25841 0
410 0 FBIS4-33420 0
410 0 FBIS4-39534 0
410 0 FBIS4-42152 0
410 0 FBIS4-43160 0
410 0 FBIS4-44277 2
410 0 FBIS4-44278 2
410 0 FBIS4-44440 0
410 0 FBIS4-46886 0
410 0 FBIS4-50901 0
410 0 FBIS4-53078 0
410 0 FBIS4-56192 0
410 0 FBIS4-59607 0
410 0 FBIS4-64577 3
410 0 FBIS4-65146 0
410 0 FBIS4-66008 2
410 0 FBIS4-68275 0
410 0 FBIS4-8935 0
410 0 FR940119-2-00052 0
410 0 FR940216-2-00010 0
410 0 FR940314-1-00041 0
410 0 FR940412-1-00004 0
410 0 FR940504-2-00066 0
410 0 FR940527-2-00066 0
410 0 FR940707-2-00063 0
410 0 FR940805-2-00013 0
410 0 FR940825-2-00063 0
410 0 FR940921-2-00030 0
410 0 FR941017-0-00007 0
410 0 FR941122-2-00010 0
410 0 FR941221-2-00045 0
410 0 FT911-1963 0
410 0 FT911-286 0
410 0 FT911-808 0
410 0 FT921-6893 0
410 0 FT921-7727 2
410 0 FT921-9293 1
410 0 FT921-9511 1
410 0 FT922-2968 0
410 0 FT922-751 2
410 0 FT922-8566 1
410 0 FT922-9239 2
410 0 FT922-9931 1
410 0 FT923-3029 0
410 0 FT923-3617 0
410 0 FT923-7130 0
410 0 FT924-1015 2
410 0 FT924-13885 0
410 0 FT924-1888 0
410 0 FT924-3822 2
410 0 FT924-4549 1
410 0 FT924-4955 0
410 0 FT924-5835 0
410 0 FT924-6924 1
410 0 FT924-6931 0
410 0 FT931-13741 0
410 0 FT931-14276 2
410 0 FT931-16993 0
410 0 FT931-9309 0
410 0 FT932-11119 2
410 0 FT932-1167 0
410 0 FT932-1183 1
410 0 FT932-12074 2
410 0 FT932-16163 1
410 0 FT932-16523 2
410 0 FT932-17156 0
410 0 FT932-2810 0
410 0 FT932-6660 0
410 0 FT933-13262 0
410 0 FT933-14918 0
410 0 FT933-16910 2
410 0 FT933-9232 0
410 0 FT934-14160 1
410 0 FT934-14347 2
410 0 FT934-15886 1
410 0 FT934-16124 1
410 0 FT934-2699 0
410 0 FT934-6237 1
410 0 FT941-12257 0
410 0 FT941-12741 0
410 0 FT941-12878 2
410 0 FT941-13450 1
410 0 FT941-16021 0
410 0 FT941-16995 0
410 0 FT942-11338 0
410 0 FT942-13390 0
410 0 FT942-14360 0
410 0 FT942-5680 0
410 0 FT943-3979 0
410 0 FT944-1628 0
410 0 FT944-16556 0
410 0 FT944-2695 0
410 0 FT944-4056 1
410 0 FT944-4735 0
410 0 FT944-934 1
410 0 FT944-9461 0
410 0 LA012389-0078 0
410 0 LA030490-0051 0
410 0 LA031590-0102 0
410 0 LA060390-0066 0
410 0 LA062090-0079 2
410 0 LA070190-0033 0
410 0 LA082889-0062 0
410 0 LA103089-0062 0
410 0 LA121589-0087 0
414 0 FBIS3-10026 0
414 0 FBIS3-10779 0
414 0 FBIS3-11898 0
414 0 FBIS3-12046 2
414 0 FBIS3-17768 1
414 0 FBIS3-20784 0
414 0 FBIS3-24655 2
414 0 FBIS3-26359 0
414 0 FBIS3-32262 0
414 0 FBIS3-32757 0
414 0 FBIS3-33324 0
414 0 FBIS3-36211 2
414 0 FBIS3-42769 0
414 0 FBIS3-43220 0
414 0 FBIS3-50080 0
414 0 FBIS3-51400 1
414 0 FBIS3-51456 0
414 0 FBIS3-59491 0
414 0 FBIS3-61299 2
414 0 FBIS4-10024 1
414 0 FBIS4-10025 2
414 0 FBIS4-10113 1
414 0 FBIS4-10222 2
414 0 FBIS4-10373 2
414 0 FBIS4-10797 1
414 0 FBIS4-10962 0
414 0 FBIS4-11325 0
414 0 FBIS4-1627 0
414 0 FBIS4-25359 0
414 0 FBIS4-30626 0
414 0 FBIS4-33291 0
414 0 FBIS4-33400 1
414 0 FBIS4-34324 1
414 0 FBIS4-34332 0
414 0 FBIS4-34643 1
414 0 FBIS4-36336 0
414 0 FBIS4-38627 2
414 0 FBIS4-38628 1
414 0 FBIS4-38629 1
414 0 FBIS4-47059 0
414 0 FBIS4-47156 1
414 0 FBIS4-50690 0
414 0 FBIS4-50871 0
414 0 FBIS4-51031 0
414 0 FBIS4-52037 0
414 0 FBIS4-56355 0
414 0 FBIS4-57404 0
414 0 FBIS4-60769 0
414 0 FBIS4-62804 1
414 0 FBIS4-67538 0
414 0 FBIS4-723 0
414 0 FBIS4-9776 1
414 0 FBIS4-9785 1
414 0 FBIS4-9866 2
414 0 FR940208-2-00006 0
414 0 FR940406-2-00026 0
414 0 FR940607-2-00014 0
414 0 FR940811-0-00008 0
414 0 FR941007-1-00017 0
414 0 FR941202-2-00022 0
414 0 FT921-1287 0
414 0 FT921-14610 2
414 0 FT921-8126 1
414 0 FT921-8454 0
414 0 FT921-9644 2
414 0 FT922-8180 0
414 0 FT922-8462 2
414 0 FT923-3729 0
414 0 FT924-13787 0
414 0 FT924-5210 1
414 0 FT931-1055 0
414 0 FT931-5438 0
414 0 FT931-8550 1
414 0 FT932-13472 1
414 0 FT932-13478 2
414 0 FT932-14001 1
414 0 FT932-14052 0
414 0 FT932-5104 1
414 0 FT932-6585 0
414 0 FT932-9455 0
414 0 FT933-1187 0
414 0 FT933-6374 0
414 0 FT934-17231 0
414 0 FT941-11669 0
414 0 FT942-11872 0
414 0 FT942-16668 1
414 0 FT942-498 0
414 0 FT943-2583 0
414 0 FT944-10413 0
414 0 FT944-10694 1
414 0 FT944-11926 2
414 0 FT944-12369 2
414 0 FT944-17978 0
414 0 FT944-8002 0
414 0 LA020190-0164 0
414 0 LA041290-0076 0
414 0 LA042090-0161 1
414 0 LA042290-0093 1
414 0 LA050690-0129 2
414 0 LA070989-0148 0
414 0 LA080690-0036 0
414 0 LA120589-0031 0
415 0 FBIS3-10132 0
415 0 FBIS3-21667 1
415 0 FBIS3-21752 1
415 0 FBIS3-21846 3
415 0 FBIS3-21941 1
415 0 FBIS3-21942 1
415 0 FBIS3-21943 2
415 0 FBIS3-21949 1
415 0 FBIS3-24331 0
415 0 FBIS3-26005 2
415 0 FBIS3-26597 1
415 0 FBIS3-26913 1
415 0 FBIS3-28711 3
415 0 FBIS3-28834 3
415 0 FBIS3-28835 2
415 0 FBIS3-2893 2
415 0 FBIS3-28982 1
415 0 FBIS3-29194 0
415 0 FBIS3-40450 0
415 0 FBIS3-41103 1
415 0 FBIS3-41107 2
415 0 FBIS3-41110 2
415 0 FBIS3-41163 2
415 0 FBIS3-41168 2
415 0 FBIS3-41169 1
415 0 FBIS3-41183 0
415 0 FBIS3-41211 1
415 0 FBIS3-41244 1
415 0 FBIS3-41246 1
415 0 FBIS3-41249 2
415 0 FBIS3-41250 3
415 0 FBIS3-41251 3
415 0 FBIS3-41253 2
415 0 FBIS3-41298 0
415 0 FBIS3-43120 0
415 0 FBIS3-46172 1
415 0 FBIS3-46302 1
415 0 FBIS3-47309 1
415 0 FBIS3-48057 2
415 0 FBIS3-48149 1
415 0 FBIS3-48150 2
415 0 FBIS3-48525 2
415 0 FBIS3-48526 2
415 0 FBIS3-48590 2
415 0 FBIS3-51336 0
415 0 FBIS3-5642 0
415 0 FBIS3-59981 1
415 0 FBIS3-60001 0
415 0 FBIS3-60025 3
415 0 FBIS3-60079 1
415 0 FBIS3-60083 2
415 0 FBIS3-60175 0
415 0 FBIS3-60183 2
415 0 FBIS3-60184 2
415 0 FBIS3-60185 2
415 0 FBIS3-60189 2
415 0 FBIS3-6434 1
415 0 FBIS4-10862 0
415 0 FBIS4-21154 0
415 0 FBIS4-21166 2
415 0 FBIS4-2427 0
415 0 FBIS4-26397 1
415 0 FBIS4-26653 1
415 0 FBIS4-26800 3
415 0 FBIS4-26801 2
415 0 FBIS4-26902 1
415 0 FBIS4-27100 1
415 0 FBIS4-27446 2
415 0 FBIS4-27476 3
415 0 FBIS4-27658 2
415 0 FBIS4-27694 1
415 0 FBIS4-27974 2
415 0 FBIS4-2802 2
415 0 FBIS4-28038 2
415 0 FBIS4-28068 2
415 0 FBIS4-28073 2
415 0 FBIS4-28376 1
415 0 FBIS4-28569 2
415 0 FBIS4-28571 2
415 0 FBIS4-28580 1
415 0 FBIS4-28581 1
415 0 FBIS4-28726 2
415 0 FBIS4-28925 3
415 0 FBIS4-29647 2
415 0 FBIS4-30455 2
415 0 FBIS4-30456 2
415 0 FBIS4-30503 3
415 0 FBIS4-30504 1
415 0 FBIS4-31787 0
415 0 FBIS4-44497 0
415 0 FBIS4-45211 2
415 0 FBIS4-45212 2
415 0 FBIS4-45215 1
415 0 FBIS4-45299 2
415 0 FBIS4-45300 2
415 0 FBIS4-45301 2
415 0 FBIS4-45307 3
415 0 FBIS4-45308 2
415 0 FBIS4-45309 2
415 0 FBIS4-45310 1
415 0 FBIS4-45325 0
415 0 FBIS4-45370 2
415 0 FBIS4-45371 2
415 0 FBIS4-45372 2
415 0 FBIS4-45375 2
415 0 FBIS4-45377 2
415 0 FBIS4-45455 3
415 0 FBIS4-45456 2
415 0 FBIS4-45458 3
415 0 FBIS4-45563 1
415 0 FBIS4-45564 1
415 0 FBIS4-45569 2
415 0 FBIS4-45572 1
415 0 FBIS4-45574 1
415 0 FBIS4-45575 3
415 0 FBIS4-50380 0
415 0 FBIS4-51609 1
415 0 FBIS4-51610 2
415 0 FBIS4-51692 1
415 0 FBIS4-51711 1
415 0 FBIS4-51752 2
415 0 FBIS4-52296 1
415 0 FBIS4-52472 3
415 0 FBIS4-52641 3
415 0 FBIS4-52642 3
415 0 FBIS4-52937 1
415 0 FBIS4-52946 1
415 0 FBIS4-53131 2
415 0 FBIS4-53751 2
415 0 FBIS4-53882 1
415 0 FBIS4-53899 2
415 0 FBIS4-53900 2
415 0 FBIS4-54151 1
415 0 FBIS4-54304 0
415 0 FBIS4-54384 2
415 0 FBIS4-54385 2
415 0 FBIS4-54386 2
415 0 FBIS4-6427 1
415 0 FBIS4-6454 1
415 0 FBIS4-66185 0
415 0 FBIS4-66980 1
415 0 FBIS4-66982 2
415 0 FBIS4-66983 3
415 0 FBIS4-66984 3
415 0 FBIS4-66995 2
415 0 FBIS4-67078 3
415 0 FBIS4-67079 2
415 0 FBIS4-67080 1
415 0 FBIS4-67081 2
415 0 FBIS4-67097 2
415 0 FBIS4-67101 1
415 0 FBIS4-67187 3
415 0 FBIS4-67188 3
415 0 FBIS4-67203 2
415 0 FBIS4-67209 1
415 0 FBIS4-67276 2
415 0 FBIS4-67292 3
415 0 FR940104-1-00050 0
415 0 FR940207-2-00030 0
415 0 FR940504-1-00031 0
415 0 FR940610-2-00055 0
415 0 FR940802-2-00130 0
415 0 FR940907-2-00118 0
415 0 FR940930-1-00021 0
415 0 FR941102-2-00042 0
415 0 FR941206-0-00031 0
415 0 FT921-3152 2
415 0 FT921-3261 1
415 0 FT921-6988 0
415 0 FT924-10092 3
415 0 FT924-4782 1
415 0 FT932-16273 0
415 0 FT934-5207 1
415 0 FT942-16750 0
415 0 FT943-7204 0
415 0 FT944-2268 0
415 0 LA010489-0128 1
415 0 LA012190-0218 0
415 0 LA022689-0181 0
415 0 LA032889-0059 1
415 0 LA040289-0103 0
415 0 LA050190-0061 2
415 0 LA052789-0116 0
415 0 LA070690-0024 0
415 0 LA080289-0087 1
415 0 LA091689-0063 2
415 0 LA092490-0071 3
415 0 LA100889-0211 0
415 0 LA101390-0098 0
415 0 LA101989-0021 0
415 0 LA111390-0065 0
415 0 LA121690-0051 3
415 0 LA122189-0079 0
415 0 LA122989-0145 0
416 0 FBIS3-10291 0
416 0 FBIS3-1721 0
416 0 FBIS3-18383 0
416 0 FBIS3-20441 0
416 0 FBIS3-20483 0
416 0 FBIS3-20606 3
416 0 FBIS3-20616 3
416 0 FBIS3-20655 0
416 0 FBIS3-20660 2
416 0 FBIS3-21715 0
416 0 FBIS3-22373 1
416 0 FBIS3-24654 0
416 0 FBIS3-26464 0
416 0 FBIS3-26655 3
416 0 FBIS3-27602 0
416 0 FBIS3-31481 0
416 0 FBIS3-3552 1
416 0 FBIS3-36085 0
416 0 FBIS3-3877 1
416 0 FBIS3-40517 0
416 0 FBIS3-4089 0
416 0 FBIS3-43457 0
416 0 FBIS3-44542 1
416 0 FBIS3-44551 3
416 0 FBIS3-45471 0
416 0 FBIS3-45658 2
416 0 FBIS3-45816 3
416 0 FBIS3-45822 2
416 0 FBIS3-45857 1
416 0 FBIS3-46009 1
416 0 FBIS3-46244 0
416 0 FBIS3-46276 2
416 0 FBIS3-50350 0
416 0 FBIS3-59396 0
416 0 FBIS3-6788 0
416 0 FBIS4-11524 2
416 0 FBIS4-14796 0
416 0 FBIS4-1561 2
416 0 FBIS4-2026 2
416 0 FBIS4-2028 0
416 0 FBIS4-2204 0
416 0 FBIS4-2488 0
416 0 FBIS4-26677 0
416 0 FBIS4-3217 2
416 0 FBIS4-33116 0
416 0 FBIS4-41050 0
416 0 FBIS4-4262 1
416 0 FBIS4-44554 2
416 0 FBIS4-44586 2
416 0 FBIS4-44661 0
416 0 FBIS4-47629 2
416 0 FBIS4-49021 0
416 0 FBIS4-49091 3
416 0 FBIS4-50685 0
416 0 FBIS4-54186 0
416 0 FBIS4-66355 2
416 0 FBIS4-66356 0
416 0 FBIS4-68445 0
416 0 FR940119-2-00104 0
416 0 FR940214-2-00171 0
416 0 FR940214-2-00242 0
416 0 FR940304-1-00155 0
416 0 FR940412-2-00099 0
416 0 FR940516-2-00134 0
416 0 FR940603-1-00171 0
416 0 FR940727-0-00132 0
416 0 FR940825-1-00071 0
416 0 FR940920-1-00080 0
416 0 FR941025-0-00053 0
416 0 FT911-3356 0
416 0 FT911-3434 1
416 0 FT921-1783 1
416 0 FT921-2010 1
416 0 FT921-3244 1
416 0 FT922-10897 0
416 0 FT922-14361 3
416 0 FT922-14835 2
416 0 FT924-928 0
416 0 FT932-7110 1
416 0 FT934-14736 1
416 0 FT934-15727 0
416 0 FT941-12849 2
416 0 FT941-12860 1
416 0 FT942-16426 0
416 0 FT942-7356 0
416 0 FT942-9118 1
416 0 FT943-15837 1
416 0 FT943-16426 1
416 0 LA010189-0138 0
416 0 LA010490-0005 0
416 0 LA010490-0025 0
416 0 LA010490-0045 0
416 0 LA010689-0063 0
416 0 LA011389-0040 0
416 0 LA032590-0143 0
416 0 LA090590-0025 0
416 0 LA112590-0107 0
418 0 FBIS3-10291 0
418 0 FBIS3-20542 0
418 0 FBIS3-2297 0
418 0 FBIS3-26778 1
418 0 FBIS3-2955 0
418 0 FBIS3-38938 0
418 0 FBIS3-43174 0
418 0 FBIS3-46915 0
418 0 FBIS3-55250 0
418 0 FBIS3-60519 0
418 0 FBIS3-9399 0
418 0 FBIS4-20387 0
418 0 FBIS4-2959 0
418 0 FBIS4-47629 0
418 0 FBIS4-53182 0
418 0 FBIS4-66185 0
418 0 FR940104-0-00033 0
418 0 FR940214-0-00030 0
418 0 FR940324-2-00005 1
418 0 FR940328-2-00123 0
418 0 FR940413-2-00008 1
418 0 FR940607-2-00107 0
418 0 FR940805-1-00134 0
418 0 FR940826-1-00020 0
418 0 FR941007-1-00172 0
418 0 FR941122-2-00102 0
418 0 FT911-2983 0
418 0 FT911-4184 1
418 0 FT921-11243 1
418 0 FT921-16022 0
418 0 FT921-4731 1
418 0 FT921-514 1
418 0 FT921-7099 0
418 0 FT922-10117 1
418 0 FT922-1999 1
418 0 FT922-2219 0
418 0 FT922-3388 1
418 0 FT922-4126 2
418 0 FT922-4172 2
418 0 FT922-5444 1
418 0 FT923-10014 1
418 0 FT923-11642 0
418 0 FT923-4234 0
418 0 FT923-952 1
418 0 FT924-10247 1
418 0 FT924-1054 1
418 0 FT924-13150 0
418 0 FT924-15658 0
418 0 FT924-5181 1
418 0 FT924-6271 1
418 0 FT924-6277 1
418 0 FT924-6279 1
418 0 FT924-6324 0
418 0 FT924-7673 1
418 0 FT924-9142 1
418 0 FT924-9261 1
418 0 FT931-13234 0
418 0 FT931-14761 1
418 0 FT931-6723 0
418 0 FT931-8082 1
418 0 FT932-13100 0
418 0 FT932-14569 1
418 0 FT932-6090 0
418 0 FT933-14501 0
418 0 FT933-15022 1
418 0 FT933-15026 1
418 0 FT933-8195 0
418 0 FT934-12949 1
418 0 FT934-3652 0
418 0 FT934-4187 1
418 0 FT934-7186 1
418 0 FT934-7868 1
418 0 FT934-8711 1
418 0 FT941-1081 1
418 0 FT941-1082 1
418 0 FT941-13933 0
418 0 FT941-15243 2
418 0 FT941-6095 0
418 0 FT942-12748 1
418 0 FT942-13614 1
418 0 FT942-13856 0
418 0 FT942-1587 1
418 0 FT942-7459 0
418 0 FT942-8137 1
418 0 FT943-14877 1
418 0 FT943-2636 1
418 0 FT943-3089 0
418 0 FT944-11031 0
418 0 FT944-14419 1
418 0 FT944-15892 1
418 0 FT944-2255 0
418 0 FT944-3026 0
418 0 FT944-48 1
418 0 FT944-6970 1
418 0 FT944-8434 1
418 0 FT944-8922 0
418 0 FT944-9973 1
418 0 LA010289-0064 0
418 0 LA010790-0121 1
418 0 LA011190-0156 1
418 0 LA011589-0027 0
418 0 LA011889-0128 1
418 0 LA012590-0067 1
418 0 LA012690-0047 1
418 0 LA012890-0056 2
418 0 LA012989-0073 1
418 0 LA013089-0099 0
418 0 LA020589-0188 2
418 0 LA021689-0049 1
418 0 LA021889-0051 0
418 0 LA021889-0106 1
418 0 LA021989-0211 2
418 0 LA022590-0078 1
418 0 LA030589-0235 0
418 0 LA030790-0139 1
418 0 LA030890-0005 1
418 0 LA031190-0224 1
418 0 LA031989-0034 0
418 0 LA031989-0048 1
418 0 LA032289-0006 2
418 0 LA032490-0153 1
418 0 LA032989-0112 1
418 0 LA033090-0132 1
418 0 LA033189-0014 0
418 0 LA041089-0053 1
418 0 LA041590-0023 1
418 0 LA041689-0221 0
418 0 LA041789-0097 1
418 0 LA050290-0141 1
418 0 LA050490-0154 1
418 0 LA050989-0070 0
418 0 LA051289-0169 1
418 0 LA051889-0088 3
418 0 LA052189-0009 1
418 0 LA052589-0174 1
418 0 LA052590-0132 1
418 0 LA052889-0014 1
418 0 LA060489-0053 1
418 0 LA060890-0107 2
418 0 LA060890-0112 3
418 0 LA061289-0014 0
418 0 LA061790-0038 1
418 0 LA062190-0035 1
418 0 LA062589-0187 1
418 0 LA062889-0123 1
418 0 LA070190-0030 1
418 0 LA070489-0044 0
418 0 LA070489-0134 1
418 0 LA070690-0086 1
418 0 LA070889-0130 1
418 0 LA071590-0182 0
418 0 LA072090-0136 1
418 0 LA072389-0042 1
418 0 LA072790-0142 1
418 0 LA073089-0030 1
418 0 LA073089-0077 0
418 0 LA080390-0070 1
418 0 LA081189-0137 3
418 0 LA081489-0090 0
418 0 LA081990-0178 1
418 0 LA082989-0013 1
418 0 LA083190-0132 1
418 0 LA090290-0153 1
418 0 LA091489-0058 0
418 0 LA091490-0151 2
418 0 LA091789-0224 1
418 0 LA091790-0020 1
418 0 LA092390-0041 1
418 0 LA100389-0009 0
418 0 LA101189-0088 1
418 0 LA101190-0124 0
418 0 LA101589-0072 1
418 0 LA101889-0067 0
418 0 LA102189-0167 3
418 0 LA102690-0106 0
418 0 LA102890-0220 3
418 0 LA103189-0027 0
418 0 LA110190-0252 0
418 0 LA110490-0054 0
418 0 LA111690-0033 1
418 0 LA111690-0045 1
418 0 LA112289-0106 0
418 0 LA112489-0080 1
418 0 LA112890-0032 1
418 0 LA113090-0012 1
418 0 LA113090-0142 0
418 0 LA120190-0060 1
418 0 LA120390-0107 1
418 0 LA121490-0039 0
418 0 LA121589-0136 1
418 0 LA122289-0152 1
418 0 LA122390-0086 0
418 0 LA122590-0060 0
418 0 LA122590-0108 1
418 0 LA122890-0035 1
418 0 LA123090-0151 0
420 0 FBIS3-11150 0
420 0 FBIS3-18754 0
420 0 FBIS3-22133 1
420 0 FBIS3-22138 0
420 0 FBIS3-22874 0
420 0 FBIS3-31031 0
420 0 FBIS3-40554 0
420 0 FBIS3-43002 0
420 0 FBIS3-56360 1
420 0 FBIS3-59751 0
420 0 FBIS4-1563 0
420 0 FBIS4-22956 0
420 0 FBIS4-45661 0
420 0 FBIS4-50706 0
420 0 FBIS4-67486 1
420 0 FR940112-1-00044 3
420 0 FR940127-1-00077 0
420 0 FR940216-0-00085 0
420 0 FR940318-0-00165 0
420 0 FR940405-1-00056 0
420 0 FR940406-2-00067 0
420 0 FR940418-0-00017 0
420 0 FR940505-1-00191 0
420 0 FR940505-1-00297 0
420 0 FR940505-1-00435 0
420 0 FR940513-1-00067 0
420 0 FR940516-1-00119 1
420 0 FR940602-1-00058 0
420 0 FR940606-0-00044 0
420 0 FR940617-0-00161 0
420 0 FR940627-0-00138 0
420 0 FR940711-2-00022 0
420 0 FR940803-1-00032 0
420 0 FR940817-2-00067 0
420 0 FR940831-0-00063 0
420 0 FR940920-1-00031 0
420 0 FR940920-1-00080 0
420 0 FR940921-0-00145 0
420 0 FR940930-0-00189 0
420 0 FR941006-1-00115 0
420 0 FR941017-2-00057 0
420 0 FR941103-0-00077 0
420 0 FR941202-0-00075 0
420 0 FT911-262 0
420 0 FT921-7848 0
420 0 FT923-9498 0
420 0 FT931-4431 0
420 0 FT931-9214 0
420 0 FT933-12612 1
420 0 FT933-12618 2
420 0 FT933-13063 0
420 0 FT933-9825 1
420 0 FT941-8969 0
420 0 FT943-5192 0
420 0 LA010389-0040 1
420 0 LA010390-0086 1
420 0 LA010489-0041 1
420 0 LA011590-0097 0
420 0 LA011989-0129 2
420 0 LA012489-0059 1
420 0 LA012690-0020 1
420 0 LA012989-0113 1
420 0 LA020689-0022 1
420 0 LA022189-0053 0
420 0 LA032989-0021 1
420 0 LA040190-0174 0
420 0 LA040390-0017 1
420 0 LA041790-0089 0
420 0 LA042990-0138 0
420 0 LA051190-0097 0
420 0 LA061490-0131 0
420 0 LA072089-0139 1
420 0 LA081490-0030 1
420 0 LA083189-0131 0
420 0 LA101589-0075 1
420 0 LA101590-0075 1
420 0 LA112690-0001 0
420 0 LA112990-0231 1
420 0 LA120389-0074 1
420 0 LA121289-0035 2
420 0 LA121389-0123 1
420 0 LA121590-0108 3
420 0 LA121590-0131 1
420 0 LA121690-0122 1
420 0 LA121890-0152 2
420 0 LA122689-0070 3
420 0 LA122989-0059 0
421 0 FBIS3-13309 1
421 0 FBIS3-21587 0
421 0 FBIS3-22136 0
421 0 FBIS3-22199 2
421 0 FBIS3-22249 2
421 0 FBIS3-22301 2
421 0 FBIS3-22349 0
421 0 FBIS3-22419 3
421 0 FBIS3-23882 0
421 0 FBIS3-2468 3
421 0 FBIS3-26226 3
421 0 FBIS3-26609 2
421 0 FBIS3-2711 2
421 0 FBIS3-2761 1
421 0 FBIS3-29 0
421 0 FBIS3-30075 0
421 0 FBIS3-41480 0
421 0 FBIS3-41576 0
421 0 FBIS3-41586 2
421 0 FBIS3-41646 2
421 0 FBIS3-41652 2
421 0 FBIS3-42972 0
421 0 FBIS3-43040 3
421 0 FBIS3-4717 2
421 0 FBIS3-50156 0
421 0 FBIS3-60304 0
421 0 FBIS3-60325 1
421 0 FBIS3-60336 2
421 0 FBIS3-60353 0
421 0 FBIS4-11145 0
421 0 FBIS4-17409 1
421 0 FBIS4-18963 0
421 0 FBIS4-20686 0
421 0 FBIS4-20692 3
421 0 FBIS4-21400 0
421 0 FBIS4-21427 3
421 0 FBIS4-21485 2
421 0 FBIS4-22311 0
421 0 FBIS4-22959 0
421 0 FBIS4-25731 2
421 0 FBIS4-26069 1
421 0 FBIS4-27645 2
421 0 FBIS4-29392 0
421 0 FBIS4-44724 2
421 0 FBIS4-44914 2
421 0 FBIS4-45728 0
421 0 FBIS4-45748 2
421 0 FBIS4-45750 2
421 0 FBIS4-47169 0
421 0 FBIS4-5207 0
421 0 FBIS4-67546 3
421 0 FBIS4-68757 2
421 0 FR940110-0-00023 1
421 0 FR940118-1-00039 2
421 0 FR940208-0-00047 3
421 0 FR940214-2-00221 0
421 0 FR940304-0-00128 0
421 0 FR940323-2-00068 2
421 0 FR940324-0-00052 0
421 0 FR940412-0-00013 1
421 0 FR940504-2-00019 0
421 0 FR940511-1-00077 2
421 0 FR940511-1-00080 3
421 0 FR940511-1-00086 2
421 0 FR940511-1-00096 0
421 0 FR940602-2-00104 0
421 0 FR940627-2-00015 0
421 0 FR940727-1-00036 0
421 0 FR940728-1-00059 3
421 0 FR940810-2-00046 0
421 0 FR940830-1-00062 2
421 0 FR940830-1-00063 2
421 0 FR940830-1-00085 2
421 0 FR940919-0-00053 1
421 0 FR940919-0-00092 0
421 0 FR940919-0-00121 0
421 0 FR941007-0-00057 1
421 0 FR941013-1-00066 2
421 0 FR941013-1-00068 1
421 0 FR941017-2-00036 2
421 0 FR941026-1-00019 3
421 0 FR941116-2-00019 0
421 0 FR941206-0-00155 0
421 0 FR941206-0-00195 0
421 0 FR941222-0-00083 0
421 0 FR941222-1-00033 1
421 0 FR941222-1-00076 2
421 0 FT911-2506 0
421 0 FT911-2922 2
421 0 FT911-4490 0
421 0 FT921-182 0
421 0 FT921-3525 2
421 0 FT922-1206 2
421 0 FT922-12311 0
421 0 FT922-14197 2
421 0 FT922-3002 2
421 0 FT922-5108 2
421 0 FT922-6103 0
421 0 FT923-13224 2
421 0 FT923-15228 0
421 0 FT924-13533 1
421 0 FT924-14671 2
421 0 FT924-5366 2
421 0 FT924-8551 0
421 0 FT924-8720 1
421 0 FT931-14481 0
421 0 FT931-15291 2
421 0 FT931-5585 0
421 0 FT932-13558 2
421 0 FT932-13969 1
421 0 FT932-2376 0
421 0 FT932-2384 2
421 0 FT932-5 2
421 0 FT932-7909 0
421 0 FT933-10478 3
421 0 FT933-15582 0
421 0 FT934-10056 3
421 0 FT934-11284 1
421 0 FT934-12 0
421 0 FT934-12375 2
421 0 FT934-16581 0
421 0 FT934-17401 2
421 0 FT934-17408 2
421 0 FT934-3773 2
421 0 FT934-817 1
421 0 FT941-14722 2
421 0 FT941-15006 0
421 0 FT941-15564 1
421 0 FT941-428 3
421 0 FT941-6688 0
421 0 FT942-11794 2
421 0 FT942-15896 2
421 0 FT942-17235 2
421 0 FT942-1929 0
421 0 FT942-431 2
421 0 FT943-11361 1
421 0 FT943-4815 2
421 0 FT943-6184 2
421 0 FT943-8765 1
421 0 FT944-10928 2
421 0 FT944-16745 2
421 0 FT944-6158 1
421 0 LA011190-0133 0
421 0 LA011890-0173 3
421 0 LA012289-0087 2
421 0 LA012590-0182 2
421 0 LA012989-0054 1
421 0 LA022790-0043 2
421 0 LA022890-0016 2
421 0 LA030890-0106 2
421 0 LA032790-0144 0
421 0 LA041089-0062 0
421 0 LA050289-0063 0
421 0 LA051790-0029 2
421 0 LA060889-0118 2
421 0 LA071590-0142 0
421 0 LA073089-0063 3
421 0 LA073189-0033 0
421 0 LA080389-0074 3
421 0 LA081089-0038 3
421 0 LA082490-0086 0
421 0 LA091290-0106 2
421 0 LA093090-0238 0
421 0 LA112790-0151 0
421 0 LA122489-0217 2
427 0 FBIS3-10000 0
427 0 FBIS3-20442 0
427 0 FBIS3-21866 0
427 0 FBIS3-22135 1
427 0 FBIS3-24610 0
427 0 FBIS3-28982 0
427 0 FBIS3-3924 0
427 0 FBIS3-41571 0
427 0 FBIS3-41575 1
427 0 FBIS3-43022 0
427 0 FBIS3-43065 1
427 0 FBIS3-48338 0
427 0 FBIS3-59491 0
427 0 FBIS3-60385 0
427 0 FBIS3-61530 0
427 0 FBIS4-13262 0
427 0 FBIS4-20741 0
427 0 FBIS4-22989 0
427 0 FBIS4-27788 0
427 0 FBIS4-44775 0
427 0 FBIS4-45959 0
427 0 FBIS4-47629 0
427 0 FBIS4-52136 0
427 0 FBIS4-5987 0
427 0 FBIS4-66405 0
427 0 FBIS4-66406 0
427 0 FBIS4-68471 0
427 0 FBIS4-8067 0
427 0 FR940112-1-00044 2
427 0 FR940125-2-00027 0
427 0 FR940216-0-00099 0
427 0 FR940304-2-00187 0
427 0 FR940318-0-00111 0
427 0 FR940318-2-00107 0
427 0 FR940405-1-00054 0
427 0 FR940406-2-00140 0
427 0 FR940505-2-00154 0
427 0 FR940527-0-00146 0
427 0 FR940613-0-00039 0
427 0 FR940705-0-00041 0
427 0 FR940728-2-00130 0
427 0 FR940825-1-00028 0
427 0 FR940906-2-00104 0
427 0 FR941006-2-00132 0
427 0 FR941028-2-00203 0
427 0 FR941028-2-00213 0
427 0 FR941205-0-00123 0
427 0 FR941222-1-00072 0
427 0 FT921-16530 0
427 0 FT921-7202 1
427 0 FT921-8446 1
427 0 FT921-9705 1
427 0 FT922-14367 0
427 0 FT922-7705 1
427 0 FT923-10771 0
427 0 FT923-4376 0
427 0 FT924-1885 1
427 0 FT924-405 0
427 0 FT924-7120 1
427 0 FT931-14388 0
427 0 FT931-5371 1
427 0 FT932-2360 0
427 0 FT932-4305 1
427 0 FT933-1362 1
427 0 FT933-15107 0
427 0 FT933-16379 0
427 0 FT934-13536 0
427 0 FT934-14520 1
427 0 FT941-1251 0
427 0 FT941-841 0
427 0 FT942-3942 0
427 0 FT942-8447 0
427 0 FT942-9704 1
427 0 FT943-11207 0
427 0 FT943-13952 2
427 0 FT943-3306 0
427 0 FT943-5736 3
427 0 FT944-11357 0
427 0 FT944-2254 0
427 0 FT944-2983 0
427 0 LA010289-0021 0
427 0 LA010590-0158 0
427 0 LA011389-0090 1
427 0 LA011589-0120 0
427 0 LA011790-0106 0
427 0 LA012890-0125 0
427 0 LA021689-0113 1
427 0 LA021890-0152 0
427 0 LA022689-0224 0
427 0 LA022789-0083 0
427 0 LA030289-0123 1
427 0 LA030689-0003 1
427 0 LA031390-0097 0
427 0 LA040689-0058 0
427 0 LA043089-0106 0
427 0 LA050689-0095 1
427 0 LA051190-0177 0
427 0 LA052389-0072 0
427 0 LA052989-0031 0
427 0 LA062089-0002 0
427 0 LA062190-0054 0
427 0 LA070989-0017 0
427 0 LA072690-0027 0
427 0 LA080590-0077 0
427 0 LA081490-0030 0
427 0 LA082089-0008 2
427 0 LA082089-0061 0
427 0 LA082289-0139 0
427 0 LA082589-0056 0
427 0 LA082889-0040 0
427 0 LA091089-0004 0
427 0 LA091890-0053 0
427 0 LA100590-0015 0
427 0 LA102089-0054 0
427 0 LA102490-0132 3
427 0 LA103190-0163 1
427 0 LA110590-0076 0
427 0 LA112090-0157 0
427 0 LA120389-0054 0
427 0 LA120490-0100 0
427 0 LA121089-0235 0
427 0 LA121889-0073 1
427 0 LA122990-0024 0
427 0 LA123189-0065 0
428 0 FBIS3-10603 0
428 0 FBIS3-11397 0
428 0 FBIS3-12001 1
428 0 FBIS3-14003 0
428 0 FBIS3-15982 2
428 0 FBIS3-1817 0
428 0 FBIS3-20994 0
428 0 FBIS3-22186 0
428 0 FBIS3-22191 0
428 0 FBIS3-22421 1
428 0 FBIS3-2285 0
428 0 FBIS3-24021 1
428 0 FBIS3-24065 1
428 0 FBIS3-24074 1
428 0 FBIS3-24133 1
428 0 FBIS3-24191 2
428 0 FBIS3-24330 1
428 0 FBIS3-24384 1
428 0 FBIS3-24619 0
428 0 FBIS3-26577 0
428 0 FBIS3-28084 0
428 0 FBIS3-3139 0
428 0 FBIS3-32193 0
428 0 FBIS3-35195 2
428 0 FBIS3-36082 1
428 0 FBIS3-37556 1
428 0 FBIS3-3764 0
428 0 FBIS3-40136 0
428 0 FBIS3-41717 1
428 0 FBIS3-42810 1
428 0 FBIS3-42811 0
428 0 FBIS3-42996 0
428 0 FBIS3-43004 1
428 0 FBIS3-4302 0
428 0 FBIS3-43034 0
428 0 FBIS3-43042 1
428 0 FBIS3-43066 2
428 0 FBIS3-43075 2
428 0 FBIS3-44465 0
428 0 FBIS3-45266 0
428 0 FBIS3-46419 0
428 0 FBIS3-46698 2
428 0 FBIS3-46906 2
428 0 FBIS3-47040 2
428 0 FBIS3-51398 0
428 0 FBIS3-59300 0
428 0 FBIS3-60292 0
428 0 FBIS3-60307 1
428 0 FBIS3-60425 0
428 0 FBIS3-61092 1
428 0 FBIS3-61368 1
428 0 FBIS3-61373 1
428 0 FBIS3-61443 2
428 0 FBIS3-61444 1
428 0 FBIS4-11284 0
428 0 FBIS4-16198 1
428 0 FBIS4-16662 1
428 0 FBIS4-1843 0
428 0 FBIS4-20504 0
428 0 FBIS4-21491 0
428 0 FBIS4-22416 2
428 0 FBIS4-22429 2
428 0 FBIS4-22433 0
428 0 FBIS4-23131 0
428 0 FBIS4-24947 0
428 0 FBIS4-26201 0
428 0 FBIS4-27210 1
428 0 FBIS4-27566 0
428 0 FBIS4-29208 0
428 0 FBIS4-30487 0
428 0 FBIS4-31127 1
428 0 FBIS4-32115 0
428 0 FBIS4-38972 1
428 0 FBIS4-3960 1
428 0 FBIS4-40104 0
428 0 FBIS4-4109 1
428 0 FBIS4-44525 0
428 0 FBIS4-46831 2
428 0 FBIS4-46915 1
428 0 FBIS4-47098 2
428 0 FBIS4-47143 1
428 0 FBIS4-47441 0
428 0 FBIS4-47576 0
428 0 FBIS4-47578 1
428 0 FBIS4-49527 0
428 0 FBIS4-50491 0
428 0 FBIS4-51440 0
428 0 FBIS4-51839 0
428 0 FBIS4-5423 1
428 0 FBIS4-61406 0
428 0 FBIS4-62081 1
428 0 FBIS4-65670 1
428 0 FBIS4-66276 0
428 0 FBIS4-66511 0
428 0 FBIS4-66698 0
428 0 FBIS4-67450 0
428 0 FBIS4-68372 0
428 0 FBIS4-68624 2
428 0 FBIS4-68676 1
428 0 FR940127-1-00033 0
428 0 FR940323-1-00019 0
428 0 FR940610-0-00133 0
428 0 FR941027-1-00030 0
428 0 FR941216-1-00056 0
428 0 FT911-135 0
428 0 FT911-2458 0
428 0 FT911-3399 0
428 0 FT911-3536 0
428 0 FT921-10291 0
428 0 FT921-1198 1
428 0 FT921-2114 0
428 0 FT921-5892 0
428 0 FT921-7084 0
428 0 FT921-7242 1
428 0 FT921-7315 0
428 0 FT922-10401 0
428 0 FT922-2782 1
428 0 FT922-626 0
428 0 FT923-13628 0
428 0 FT923-5408 0
428 0 FT923-9092 0
428 0 FT924-10640 0
428 0 FT924-11400 2
428 0 FT924-15515 0
428 0 FT924-9331 1
428 0 FT924-9350 1
428 0 FT931-1045 0
428 0 FT931-13724 1
428 0 FT931-1806 1
428 0 FT931-7593 1
428 0 FT931-892 1
428 0 FT932-10373 0
428 0 FT932-13560 1
428 0 FT932-13957 1
428 0 FT932-3141 1
428 0 FT932-3422 0
428 0 FT932-7972 0
428 0 FT932-8842 1
428 0 FT933-11803 0
428 0 FT933-7393 2
428 0 FT933-9521 1
428 0 FT934-10341 0
428 0 FT934-12742 2
428 0 FT934-9940 0
428 0 FT941-12411 1
428 0 FT941-12771 0
428 0 FT941-16778 1
428 0 FT941-2789 0
428 0 FT941-5607 0
428 0 FT941-7381 0
428 0 FT941-9415 1
428 0 FT941-9688 2
428 0 FT942-10229 1
428 0 FT942-11699 2
428 0 FT942-12847 0
428 0 FT942-1376 0
428 0 FT942-13785 1
428 0 FT942-15273 1
428 0 FT942-7412 0
428 0 FT943-11076 2
428 0 FT943-14332 1
428 0 FT943-16216 1
428 0 FT943-3495 0
428 0 FT943-4802 2
428 0 FT943-5141 0
428 0 FT943-5357 1
428 0 FT943-6050 0
428 0 FT943-6270 0
428 0 FT943-8321 0
428 0 FT943-9218 0
428 0 FT943-9226 3
428 0 FT944-13407 0
428 0 LA010189-0048 0
428 0 LA011890-0094 0
428 0 LA012990-0099 0
428 0 LA020889-0071 0
428 0 LA030590-0011 0
428 0 LA040390-0124 0
428 0 LA043089-0062 2
428 0 LA051190-0078 0
428 0 LA051190-0178 0
428 0 LA060590-0007 0
428 0 LA070190-0078 0
428 0 LA070590-0056 0
428 0 LA080689-0085 0
428 0 LA090990-0090 1
428 0 LA091690-0063 0
428 0 LA092489-0020 0
428 0 LA092789-0104 0
428 0 LA093090-0057 0
428 0 LA101689-0053 0
428 0 LA112090-0167 0
428 0 LA122090-0184 0
428 0 LA123189-0035 0
431 0 FBIS3-10104 0
431 0 FBIS3-1764 1
431 0 FBIS3-1902 1
431 0 FBIS3-1903 1
431 0 FBIS3-20469 0
431 0 FBIS3-20888 0
431 0 FBIS3-20898 0
431 0 FBIS3-20965 2
431 0 FBIS3-20966 2
431 0 FBIS3-20967 2
431 0 FBIS3-21132 0
431 0 FBIS3-21239 0
431 0 FBIS3-21244 0
431 0 FBIS3-24507 0
431 0 FBIS3-26009 0
431 0 FBIS3-27852 0
431 0 FBIS3-35 0
431 0 FBIS3-38367 0
431 0 FBIS3-38381 0
431 0 FBIS3-38782 0
431 0 FBIS3-3923 2
431 0 FBIS3-40223 2
431 0 FBIS3-40420 3
431 0 FBIS3-40454 0
431 0 FBIS3-40516 0
431 0 FBIS3-40520 3
431 0 FBIS3-40531 2
431 0 FBIS3-40533 0
431 0 FBIS3-40552 0
431 0 FBIS3-40554 0
431 0 FBIS3-41010 0
431 0 FBIS3-42466 1
431 0 FBIS3-42972 0
431 0 FBIS3-43166 0
431 0 FBIS3-43220 0
431 0 FBIS3-4413 2
431 0 FBIS3-45489 0
431 0 FBIS3-46247 3
431 0 FBIS3-48260 0
431 0 FBIS3-50603 0
431 0 FBIS3-59512 0
431 0 FBIS3-59614 0
431 0 FBIS3-59639 3
431 0 FBIS3-59640 0
431 0 FBIS3-59694 3
431 0 FBIS3-59766 0
431 0 FBIS3-61482 0
431 0 FBIS4-16653 0
431 0 FBIS4-20468 0
431 0 FBIS4-20630 0
431 0 FBIS4-22629 0
431 0 FBIS4-22880 0
431 0 FBIS4-2439 0
431 0 FBIS4-27708 0
431 0 FBIS4-42 0
431 0 FBIS4-44650 3
431 0 FBIS4-44733 0
431 0 FBIS4-44737 1
431 0 FBIS4-44738 0
431 0 FBIS4-44749 0
431 0 FBIS4-44769 3
431 0 FBIS4-44815 3
431 0 FBIS4-44824 0
431 0 FBIS4-44855 1
431 0 FBIS4-44904 0
431 0 FBIS4-46763 0
431 0 FBIS4-47609 0
431 0 FBIS4-47636 0
431 0 FBIS4-52038 0
431 0 FBIS4-65372 0
431 0 FBIS4-66408 0
431 0 FBIS4-66463 0
431 0 FBIS4-67574 0
431 0 FBIS4-68220 3
431 0 FR940128-2-00100 0
431 0 FR940406-2-00069 0
431 0 FR940505-1-00070 0
431 0 FR940602-2-00027 0
431 0 FR940713-2-00097 0
431 0 FR940831-2-00098 0
431 0 FR941003-0-00077 0
431 0 FR941027-2-00148 0
431 0 FR941212-1-00027 0
431 0 FT911-129 0
431 0 FT911-135 1
431 0 FT911-187 0
431 0 FT911-3871 0
431 0 FT921-3682 2
431 0 FT921-406 0
431 0 FT921-4470 1
431 0 FT921-5670 0
431 0 FT921-6743 0
431 0 FT921-7109 3
431 0 FT921-7950 2
431 0 FT921-8893 2
431 0 FT922-11806 1
431 0 FT922-4414 3
431 0 FT922-4415 0
431 0 FT922-4419 0
431 0 FT922-8032 1
431 0 FT922-8929 0
431 0 FT922-9444 3
431 0 FT922-9445 1
431 0 FT923-11658 2
431 0 FT923-12263 0
431 0 FT923-13621 1
431 0 FT923-14724 0
431 0 FT923-4774 2
431 0 FT923-7461 1
431 0 FT924-10834 0
431 0 FT924-11363 0
431 0 FT924-9275 0
431 0 FT931-2017 0
431 0 FT931-6266 0
431 0 FT931-9142 0
431 0 FT932-13418 0
431 0 FT932-6741 0
431 0 FT932-769 3
431 0 FT933-12557 0
431 0 FT933-12567 1
431 0 FT933-16950 0
431 0 FT933-2180 0
431 0 FT933-6836 0
431 0 FT933-6911 2
431 0 FT934-3140 0
431 0 FT934-4378 1
431 0 FT934-5377 0
431 0 FT934-5395 0
431 0 FT934-7753 0
431 0 FT934-8386 2
431 0 FT941-1242 3
431 0 FT941-12850 0
431 0 FT941-12921 0
431 0 FT941-13625 2
431 0 FT941-15546 1
431 0 FT941-4676 0
431 0 FT942-12501 0
431 0 FT942-13969 1
431 0 FT942-14848 0
431 0 FT942-15217 0
431 0 FT942-16561 0
431 0 FT942-5669 2
431 0 FT942-6282 0
431 0 FT943-3444 0
431 0 FT943-5054 0
431 0 FT944-15487 0
431 0 FT944-15801 0
431 0 FT944-16970 0
431 0 FT944-18195 1
431 0 FT944-5962 0
431 0 LA011190-0213 0
431 0 LA011690-0037 0
431 0 LA020690-0057 2
431 0 LA020889-0003 1
431 0 LA030589-0277 3
431 0 LA032089-0013 0
431 0 LA040289-0002 0
431 0 LA042090-0043 0
431 0 LA042490-0150 0
431 0 LA042590-0135 0
431 0 LA042689-0150 1
431 0 LA050190-0196 0
431 0 LA050290-0066 0
431 0 LA051490-0068 0
431 0 LA051990-0069 0
431 0 LA060289-0087 2
431 0 LA060389-0097 0
431 0 LA070289-0024 1
431 0 LA071789-0059 1
431 0 LA080490-0157 2
431 0 LA080689-0122 0
431 0 LA081389-0022 2
431 0 LA081490-0052 3
431 0 LA082290-0041 0
431 0 LA082490-0060 0
431 0 LA082490-0134 0
431 0 LA082590-0001 0
431 0 LA090290-0022 0
431 0 LA092189-0061 2
431 0 LA092389-0125 0
431 0 LA092489-0134 1
431 0 LA092589-0087 0
431 0 LA100590-0123 0
431 0 LA100690-0129 0
431 0 LA101289-0198 0
431 0 LA102589-0109 0
431 0 LA102989-0052 1
431 0 LA110289-0145 0
431 0 LA111190-0072 0
431 0 LA111890-0135 0
431 0 LA112189-0062 2
431 0 LA120490-0171 1
431 0 LA122689-0047 0
431 0 LA123190-0086 0
437 0 FBIS3-11408 0
437 0 FBIS3-21153 0
437 0 FBIS3-24146 0
437 0 FBIS3-27934 0
437 0 FBIS3-32846 0
437 0 FBIS3-43118 0
437 0 FBIS3-43166 0
437 0 FBIS3-43220 0
437 0 FBIS3-47771 0
437 0 FBIS3-58194 0
437 0 FBIS3-58258 0
437 0 FBIS3-60318 0
437 0 FBIS3-6307 0
437 0 FBIS4-12541 0
437 0 FBIS4-20043 0
437 0 FBIS4-24331 0
437 0 FBIS4-28105 0
437 0 FBIS4-30415 0
437 0 FBIS4-4074 0
437 0 FBIS4-45770 0
437 0 FBIS4-52496 0
437 0 FBIS4-54027 0
437 0 FBIS4-62881 0
437 0 FBIS4-68219 0
437 0 FR940126-2-00022 0
437 0 FR940228-2-00040 0
437 0 FR940304-1-00104 0
437 0 FR940314-2-00053 0
437 0 FR940419-1-00067 0
437 0 FR940512-2-00065 0
437 0 FR940620-1-00059 0
437 0 FR940711-1-00019 0
437 0 FR940725-2-00139 0
437 0 FR940928-2-00015 0
437 0 FR941031-2-00047 0
437 0 FR941122-2-00097 0
437 0 FT911-1013 0
437 0 FT911-834 1
437 0 FT921-14099 0
437 0 FT921-14302 0
437 0 FT921-14322 1
437 0 FT921-15570 1
437 0 FT921-16212 0
437 0 FT921-4300 0
437 0 FT921-658 2
437 0 FT921-6632 0
437 0 FT921-7175 0
437 0 FT921-7287 1
437 0 FT922-15545 1
437 0 FT922-3709 0
437 0 FT922-6322 0
437 0 FT922-696 0
437 0 FT922-7857 1
437 0 FT922-8298 0
437 0 FT922-8312 0
437 0 FT922-9599 0
437 0 FT923-13080 1
437 0 FT923-13982 0
437 0 FT923-14319 1
437 0 FT923-14400 1
437 0 FT923-15731 1
437 0 FT923-2974 0
437 0 FT923-357 0
437 0 FT923-4547 0
437 0 FT924-10156 0
437 0 FT924-14300 0
437 0 FT924-3473 0
437 0 FT924-6000 0
437 0 FT924-9461 0
437 0 FT931-10180 0
437 0 FT931-12350 0
437 0 FT931-3109 0
437 0 FT931-4717 0
437 0 FT931-7839 0
437 0 FT931-9639 1
437 0 FT932-142 0
437 0 FT932-1866 0
437 0 FT932-6572 0
437 0 FT933-13951 0
437 0 FT933-2758 0
437 0 FT933-3647 2
437 0 FT933-6043 0
437 0 FT933-8330 0
437 0 FT934-13439 0
437 0 FT934-2584 0
437 0 FT934-2819 0
437 0 FT934-61 0
437 0 FT934-968 2
437 0 FT941-12375 0
437 0 FT941-12755 1
437 0 FT941-13100 0
437 0 FT941-13385 1
437 0 FT941-13773 0
437 0 FT941-13850 1
437 0 FT941-156 0
437 0 FT941-16324 0
437 0 FT941-2928 2
437 0 FT941-472 1
437 0 FT941-7083 0
437 0 FT941-7581 0
437 0 FT941-8726 0
437 0 FT941-8733 0
437 0 FT941-9231 0
437 0 FT941-9600 0
437 0 FT941-9635 1
437 0 FT941-9840 1
437 0 FT942-10389 1
437 0 FT942-10564 0
437 0 FT942-10642 1
437 0 FT942-10643 1
437 0 FT942-10697 1
437 0 FT942-11053 1
437 0 FT942-11096 1
437 0 FT942-11676 1
437 0 FT942-1258 0
437 0 FT942-12766 0
437 0 FT942-13006 0
437 0 FT942-15014 1
437 0 FT942-15703 0
437 0 FT942-16324 0
437 0 FT942-2249 1
437 0 FT942-5696 0
437 0 FT942-6513 1
437 0 FT942-663 0
437 0 FT942-9313 0
437 0 FT943-13555 1
437 0 FT943-14613 0
437 0 FT943-3666 2
437 0 FT943-4477 0
437 0 FT943-6554 0
437 0 FT943-9043 0
437 0 FT944-140 0
437 0 FT944-18647 0
437 0 FT944-1938 1
437 0 FT944-1957 2
437 0 FT944-2147 1
437 0 FT944-2167 2
437 0 FT944-4866 0
437 0 FT944-5613 1
437 0 FT944-6736 1
437 0 FT944-8261 0
437 0 LA010489-0105 0
437 0 LA012590-0155 0
437 0 LA021789-0096 0
437 0 LA031389-0010 0
437 0 LA041190-0024 0
437 0 LA061390-0012 0
437 0 LA071490-0050 0
437 0 LA080489-0111 0
437 0 LA092489-0136 0
437 0 LA100789-0153 0
437 0 LA102489-0023 0
437 0 LA112990-0001 0
437 0 LA122789-0047 0
440 0 FBIS3-10025 0
440 0 FBIS3-11393 0
440 0 FBIS3-12946 2
440 0 FBIS3-13955 1
440 0 FBIS3-14478 1
440 0 FBIS3-16769 0
440 0 FBIS3-1849 1
440 0 FBIS3-19591 0
440 0 FBIS3-20336 2
440 0 FBIS3-20402 3
440 0 FBIS3-20796 0
440 0 FBIS3-21373 1
440 0 FBIS3-24145 0
440 0 FBIS3-26581 0
440 0 FBIS3-2901 0
440 0 FBIS3-32132 1
440 0 FBIS3-3775 0
440 0 FBIS3-4095 0
440 0 FBIS3-43118 0
440 0 FBIS3-46429 0
440 0 FBIS3-50976 0
440 0 FBIS3-5834 0
440 0 FBIS3-61335 0
440 0 FBIS3-7321 0
440 0 FBIS4-11145 0
440 0 FBIS4-18373 2
440 0 FBIS4-19117 1
440 0 FBIS4-19564 0
440 0 FBIS4-22629 0
440 0 FBIS4-25736 0
440 0 FBIS4-28035 3
440 0 FBIS4-28039 1
440 0 FBIS4-29806 0
440 0 FBIS4-34934 0
440 0 FBIS4-42828 1
440 0 FBIS4-42880 1
440 0 FBIS4-42911 1
440 0 FBIS4-43035 1
440 0 FBIS4-43246 1
440 0 FBIS4-44390 0
440 0 FBIS4-45664 0
440 0 FBIS4-4997 2
440 0 FBIS4-50193 0
440 0 FBIS4-50569 2
440 0 FBIS4-50830 3
440 0 FBIS4-5198 2
440 0 FBIS4-52681 1
440 0 FBIS4-53638 0
440 0 FBIS4-55270 2
440 0 FBIS4-57979 0
440 0 FBIS4-5852 1
440 0 FBIS4-65736 1
440 0 FBIS4-65867 1
440 0 FBIS4-66161 0
440 0 FBIS4-66529 2
440 0 FBIS4-68430 0
440 0 FBIS4-68723 1
440 0 FR940118-0-00076 0
440 0 FR940304-1-00009 0
440 0 FR940328-2-00097 0
440 0 FR940413-0-00006 0
440 0 FR940503-0-00039 0
440 0 FR940512-2-00172 0
440 0 FR940524-2-00075 0
440 0 FR940617-2-00147 0
440 0 FR940627-2-00033 0
440 0 FR940721-0-00032 0
440 0 FR940725-0-00062 0
440 0 FR940817-2-00238 0
440 0 FR940919-2-00060 0
440 0 FR941004-1-00092 0
440 0 FR941012-2-00179 0
440 0 FR941107-2-00058 0
440 0 FR941216-2-00138 0
440 0 FR941230-2-00136 0
440 0 FT921-1171 0
440 0 FT921-2818 2
440 0 FT921-2897 0
440 0 FT921-8328 0
440 0 FT922-2751 0
440 0 FT922-770 3
440 0 FT924-1107 3
440 0 FT924-12237 0
440 0 FT924-9436 0
440 0 FT931-5001 2
440 0 FT932-4216 0
440 0 FT932-5791 3
440 0 FT933-6982 0
440 0 FT933-8677 2
440 0 FT933-8694 2
440 0 FT933-9007 1
440 0 FT934-8196 1
440 0 FT934-9422 2
440 0 FT941-10085 0
440 0 FT941-1740 2
440 0 FT941-3535 2
440 0 FT941-516 2
440 0 FT941-890 2
440 0 FT942-1268 0
440 0 FT942-17293 1
440 0 FT942-3471 3
440 0 FT942-6206 2
440 0 FT942-6974 0
440 0 FT942-8040 3
440 0 FT943-1902 0
440 0 FT944-12284 1
440 0 FT944-9139 0
440 0 LA010790-0216 0
440 0 LA012190-0049 0
440 0 LA020589-0074 0
440 0 LA021090-0137 3
440 0 LA022389-0200 0
440 0 LA031289-0119 0
440 0 LA031690-0112 1
440 0 LA031690-0183 2
440 0 LA032290-0007 2
440 0 LA032990-0206 0
440 0 LA040390-0172 2
440 0 LA040590-0063 2
440 0 LA041090-0011 0
440 0 LA042790-0024 0
440 0 LA051190-0070 0
440 0 LA052090-0236 0
440 0 LA060689-0077 0
440 0 LA060689-0153 1
440 0 LA061290-0137 2
440 0 LA062189-0052 0
440 0 LA070690-0028 0
440 0 LA072190-0072 0
440 0 LA073189-0059 0
440 0 LA081290-0031 0
440 0 LA082789-0086 0
440 0 LA091490-0138 0
440 0 LA092889-0084 0
440 0 LA100690-0139 0
440 0 LA102089-0084 0
440 0 LA110490-0220 0
440 0 LA112289-0037 3
440 0 LA112689-0137 3
440 0 LA112689-0194 3
440 0 LA120490-0007 0
440 0 LA121789-0067 0
440 0 LA122590-0045 0
442 0 FBIS3-11256 0
442 0 FBIS3-12638 0
442 0 FBIS3-12942 0
442 0 FBIS3-13357 0
442 0 FBIS3-1953 3
442 0 FBIS3-22030 0
442 0 FBIS3-26590 2
442 0 FBIS3-27579 2
442 0 FBIS3-2765 0
442 0 FBIS3-30784 0
442 0 FBIS3-34735 0
442 0 FBIS3-3924 1
442 0 FBIS3-3970 0
442 0 FBIS3-45154 0
442 0 FBIS3-46951 2
442 0 FBIS3-50719 0
442 0 FBIS3-54212 0
442 0 FBIS3-55345 0
442 0 FBIS3-55402 2
442 0 FBIS3-59457 1
442 0 FBIS3-59955 0
442 0 FBIS3-60871 0
442 0 FBIS3-6672 1
442 0 FBIS3-6683 0
442 0 FBIS4-10323 0
442 0 FBIS4-13172 0
442 0 FBIS4-16406 0
442 0 FBIS4-22111 0
442 0 FBIS4-2254 0
442 0 FBIS4-22670 0
442 0 FBIS4-24398 2
442 0 FBIS4-25247 0
442 0 FBIS4-26760 0
442 0 FBIS4-32328 0
442 0 FBIS4-34546 0
442 0 FBIS4-35942 0
442 0 FBIS4-37420 0
442 0 FBIS4-40370 0
442 0 FBIS4-43060 0
442 0 FBIS4-444 0
442 0 FBIS4-50026 0
442 0 FBIS4-51991 0
442 0 FBIS4-53541 1
442 0 FBIS4-53900 0
442 0 FBIS4-55696 0
442 0 FBIS4-5755 1
442 0 FBIS4-58397 0
442 0 FBIS4-58970 0
442 0 FBIS4-60176 0
442 0 FBIS4-60750 0
442 0 FBIS4-64364 0
442 0 FBIS4-6788 0
442 0 FBIS4-7149 0
442 0 FBIS4-7379 1
442 0 FR940106-0-00171 0
442 0 FR940112-0-00030 0
442 0 FR940112-2-00127 0
442 0 FR940128-0-00024 0
442 0 FR940204-2-00093 0
442 0 FR940214-2-00097 0
442 0 FR940223-1-00050 0
442 0 FR940303-2-00098 0
442 0 FR940314-2-00106 0
442 0 FR940323-1-00021 0
442 0 FR940407-2-00072 0
442 0 FR940418-2-00026 0
442 0 FR940429-2-00071 0
442 0 FR940512-2-00172 0
442 0 FR940525-0-00033 0
442 0 FR940602-1-00097 0
442 0 FR940616-0-00103 0
442 0 FR940622-0-00026 0
442 0 FR940628-1-00049 0
442 0 FR940711-2-00061 0
442 0 FR940721-2-00054 0
442 0 FR940810-1-00066 0
442 0 FR940825-1-00038 0
442 0 FR940831-0-00048 0
442 0 FR940906-1-00016 0
442 0 FR940919-2-00095 0
442 0 FR941006-2-00189 0
442 0 FR941128-2-00101 0
442 0 FR941205-2-00038 0
442 0 FR941221-2-00083 0
442 0 FT911-3529 0
442 0 FT921-3337 0
442 0 FT922-13403 0
442 0 FT922-7694 0
442 0 FT923-4524 0
442 0 FT924-10364 0
442 0 FT924-10420 0
442 0 FT924-12931 0
442 0 FT924-2848 0
442 0 FT931-16379 0
442 0 FT932-15956 0
442 0 FT932-7507 1
442 0 FT933-11489 0
442 0 FT933-4579 0
442 0 FT934-1398 0
442 0 FT934-7039 0
442 0 FT941-15248 0
442 0 FT941-8360 0
442 0 FT942-10088 0
442 0 FT942-16661 0
442 0 FT942-7648 0
442 0 FT943-2723 0
442 0 FT944-13917 0
442 0 FT944-2702 0
442 0 FT944-9943 0
442 0 LA010589-0084 2
442 0 LA011089-0104 3
442 0 LA011390-0057 3
442 0 LA012089-0016 2
442 0 LA012089-0137 3
442 0 LA012190-0010 0
442 0 LA012590-0020 2
442 0 LA020390-0129 2
442 0 LA020489-0134 0
442 0 LA021389-0077 2
442 0 LA022190-0007 1
442 0 LA022190-0014 1
442 0 LA022290-0136 2
442 0 LA022390-0043 1
442 0 LA022390-0054 2
442 0 LA022390-0069 1
442 0 LA022689-0107 1
442 0 LA030289-0068 2
442 0 LA031190-0142 2
442 0 LA031889-0096 0
442 0 LA032290-0211 1
442 0 LA040489-0028 0
442 0 LA040789-0138 2
442 0 LA041590-0086 0
442 0 LA041889-0042 1
442 0 LA042289-0075 3
442 0 LA042389-0096 2
442 0 LA042390-0087 3
442 0 LA042890-0079 2
442 0 LA042890-0104 0
442 0 LA050189-0025 2
442 0 LA050189-0077 2
442 0 LA050389-0001 2
442 0 LA050389-0011 3
442 0 LA050489-0159 2
442 0 LA050890-0125 1
442 0 LA051190-0126 2
442 0 LA051290-0002 2
442 0 LA051390-0183 3
442 0 LA051990-0143 3
442 0 LA052090-0065 0
442 0 LA052189-0093 1
442 0 LA052490-0162 0
442 0 LA052490-0236 3
442 0 LA052889-0143 3
442 0 LA060189-0147 2
442 0 LA060290-0004 3
442 0 LA060989-0007 2
442 0 LA060989-0101 1
442 0 LA061690-0123 2
442 0 LA061990-0169 1
442 0 LA062790-0021 0
442 0 LA062890-0232 3
442 0 LA071090-0093 1
442 0 LA071090-0172 0
442 0 LA071689-0131 0
442 0 LA072089-0136 1
442 0 LA072489-0080 0
442 0 LA072590-0017 2
442 0 LA072790-0069 2
442 0 LA080289-0014 2
442 0 LA081290-0031 0
442 0 LA082089-0005 2
442 0 LA082089-0074 3
442 0 LA082789-0039 1
442 0 LA082789-0088 3
442 0 LA082789-0106 2
442 0 LA090289-0011 0
442 0 LA091789-0160 0
442 0 LA092189-0146 2
442 0 LA100490-0075 0
442 0 LA100889-0057 0
442 0 LA100990-0034 2
442 0 LA101289-0002 2
442 0 LA101590-0070 0
442 0 LA101790-0105 2
442 0 LA101989-0134 0
442 0 LA102089-0170 1
442 0 LA102390-0071 3
442 0 LA102489-0058 3
442 0 LA102490-0087 3
442 0 LA102689-0081 3
442 0 LA102890-0131 3
442 0 LA110189-0098 2
442 0 LA110290-0120 3
442 0 LA110389-0054 0
442 0 LA110989-0071 3
442 0 LA111689-0204 3
442 0 LA112290-0058 2
442 0 LA112489-0027 0
442 0 LA113089-0076 3
442 0 LA120990-0074 3
442 0 LA121089-0170 1
442 0 LA121789-0069 0
442 0 LA122890-0062 3
442 0 LA122990-0042 0
445 0 FBIS3-10127 0
445 0 FBIS3-21193 0
445 0 FBIS3-2459 0
445 0 FBIS3-27518 0
445 0 FBIS3-34317 0
445 0 FBIS3-42391 0
445 0 FBIS3-45610 0
445 0 FBIS3-5210 0
445 0 FBIS3-61357 0
445 0 FBIS4-10097 0
445 0 FBIS4-18753 0
445 0 FBIS4-23131 0
445 0 FBIS4-26428 0
445 0 FBIS4-35669 0
445 0 FBIS4-44389 0
445 0 FBIS4-47014 0
445 0 FBIS4-52303 0
445 0 FBIS4-59421 0
445 0 FBIS4-66724 0
445 0 FBIS4-68537 0
445 0 FR940104-1-00050 0
445 0 FR940324-2-00072 0
445 0 FR940722-0-00115 0
445 0 FR941003-2-00020 0
445 0 FR941222-0-00093 0
445 0 FT921-11838 1
445 0 FT921-11847 1
445 0 FT921-11857 1
445 0 FT921-4820 1
445 0 FT921-7364 2
445 0 FT921-8909 0
445 0 FT922-2871 0
445 0 FT923-11279 0
445 0 FT924-10404 0
445 0 FT924-10442 3
445 0 FT924-11986 0
445 0 FT924-3678 0
445 0 FT924-388 0
445 0 FT924-4560 1
445 0 FT924-6311 1
445 0 FT924-6652 1
445 0 FT924-7590 1
445 0 FT924-8156 3
445 0 FT924-9001 3
445 0 FT924-9074 0
445 0 FT931-10711 0
445 0 FT931-11616 1
445 0 FT931-14015 0
445 0 FT931-15039 0
445 0 FT931-17017 1
445 0 FT931-9901 0
445 0 FT932-11644 2
445 0 FT932-12986 0
445 0 FT932-13754 0
445 0 FT932-2151 1
445 0 FT932-6094 0
445 0 FT932-6456 1
445 0 FT932-9083 1
445 0 FT933-10924 0
445 0 FT933-12089 0
445 0 FT933-14941 0
445 0 FT933-9689 2
445 0 FT934-11650 1
445 0 FT934-11863 1
445 0 FT934-13060 1
445 0 FT934-14389 0
445 0 FT934-16133 0
445 0 FT934-3058 2
445 0 FT934-408 2
445 0 FT934-8108 1
445 0 FT941-12592 0
445 0 FT941-16586 0
445 0 FT941-3868 2
445 0 FT941-4163 0
445 0 FT941-6743 0
445 0 FT941-7795 1
445 0 FT941-7858 2
445 0 FT941-8007 1
445 0 FT941-8192 1
445 0 FT941-8960 0
445 0 FT941-9246 0
445 0 FT941-9703 1
445 0 FT942-132 1
445 0 FT942-16458 0
445 0 FT942-17115 0
445 0 FT942-17503 1
445 0 FT942-1778 0
445 0 FT942-2917 1
445 0 FT943-13908 0
445 0 FT943-15291 1
445 0 FT943-15333 1
445 0 FT943-5753 0
445 0 FT943-8964 0
445 0 FT943-9241 0
445 0 FT944-15308 0
445 0 FT944-1870 1
445 0 FT944-2077 0
445 0 FT944-2691 0
445 0 LA010189-0071 0
445 0 LA011390-0065 0
445 0 LA012290-0102 0
445 0 LA020290-0135 0
445 0 LA020490-0196 0
445 0 LA021789-0009 0
445 0 LA022890-0108 0
445 0 LA031090-0106 0
445 0 LA031989-0092 0
445 0 LA032789-0046 0
445 0 LA041089-0093 0
445 0 LA042389-0088 0
445 0 LA050590-0142 0
445 0 LA051890-0148 0
445 0 LA052089-0034 0
445 0 LA060489-0113 0
445 0 LA062390-0138 0
445 0 LA070790-0120 0
445 0 LA072489-0004 0
445 0 LA080590-0034 0
445 0 LA081889-0124 0
445 0 LA090890-0117 0
445 0 LA093090-0069 0
445 0 LA100289-0105 2
445 0 LA101590-0043 0
445 0 LA102789-0141 0
445 0 LA110689-0057 0
445 0 LA110789-0149 2
445 0 LA112289-0012 0
445 0 LA120790-0111 0
445 0 LA121789-0181 0
445 0 LA123089-0125 0
448 0 FBIS3-10778 0
448 0 FBIS3-16837 0
448 0 FBIS3-21159 0
448 0 FBIS3-23691 0
448 0 FBIS3-26568 0
448 0 FBIS3-32560 0
448 0 FBIS3-3860 0
448 0 FBIS3-41579 0
448 0 FBIS3-42811 0
448 0 FBIS3-45659 0
448 0 FBIS3-54766 0
448 0 FBIS3-59352 0
448 0 FBIS3-60644 0
448 0 FBIS3-6496 0
448 0 FBIS4-13825 0
448 0 FBIS4-16270 0
448 0 FBIS4-17181 0
448 0 FBIS4-17672 0
448 0 FBIS4-20606 0
448 0 FBIS4-22457 0
448 0 FBIS4-26062 0
448 0 FBIS4-31787 0
448 0 FBIS4-38311 0
448 0 FBIS4-39795 0
448 0 FBIS4-44915 0
448 0 FBIS4-46597 0
448 0 FBIS4-47609 0
448 0 FBIS4-50706 0
448 0 FBIS4-52587 0
448 0 FBIS4-57268 0
448 0 FBIS4-60441 0
448 0 FBIS4-63461 0
448 0 FBIS4-66258 0
448 0 FBIS4-68292 0
448 0 FBIS4-68591 0
448 0 FR940203-0-00057 0
448 0 FR940217-1-00129 0
448 0 FR940323-2-00143 0
448 0 FR940503-1-00065 0
448 0 FR940513-0-00065 0
448 0 FR940602-1-00084 0
448 0 FR940719-1-00021 0
448 0 FR940805-2-00024 0
448 0 FR940830-1-00091 0
448 0 FR941007-0-00084 0
448 0 FR941028-2-00139 0
448 0 FR941216-1-00095 0
448 0 FR941230-1-00025 0
448 0 FT911-1248 1
448 0 FT911-5039 0
448 0 FT921-11935 1
448 0 FT921-13480 0
448 0 FT921-4195 0
448 0 FT922-10028 0
448 0 FT922-14108 0
448 0 FT922-15088 2
448 0 FT922-1727 1
448 0 FT922-4205 0
448 0 FT922-6122 0
448 0 FT923-10556 0
448 0 FT923-15284 0
448 0 FT923-6141 0
448 0 FT924-12552 0
448 0 FT924-4069 2
448 0 FT924-4157 0
448 0 FT924-9738 0
448 0 FT931-12132 0
448 0 FT931-13755 0
448 0 FT931-15025 2
448 0 FT931-15279 0
448 0 FT931-16401 2
448 0 FT931-16443 2
448 0 FT931-16470 0
448 0 FT931-16636 2
448 0 FT931-3603 0
448 0 FT931-6966 0
448 0 FT931-8485 2
448 0 FT932-10607 0
448 0 FT932-14010 1
448 0 FT932-2429 0
448 0 FT932-6352 0
448 0 FT933-12493 0
448 0 FT933-15630 0
448 0 FT933-7505 0
448 0 FT934-13657 0
448 0 FT934-1403 2
448 0 FT934-1954 2
448 0 FT934-2742 0
448 0 FT934-8644 0
448 0 FT934-9603 2
448 0 FT941-11514 0
448 0 FT941-14237 2
448 0 FT941-14248 0
448 0 FT941-4108 0
448 0 FT941-9950 0
448 0 FT942-13087 0
448 0 FT942-2141 0
448 0 FT942-4810 1
448 0 FT942-8493 0
448 0 FT943-13641 0
448 0 FT943-178 0
448 0 FT943-3781 0
448 0 FT943-6917 0
448 0 FT943-8781 0
448 0 FT944-12648 0
448 0 FT944-15661 2
448 0 FT944-1600 1
448 0 FT944-1624 1
448 0 FT944-16285 0
448 0 FT944-17958 1
448 0 FT944-18479 1
448 0 FT944-18499 3
448 0 FT944-18508 3
448 0 FT944-18592 2
448 0 FT944-18722 0
448 0 FT944-18877 1
448 0 FT944-18938 2
448 0 FT944-2254 0
448 0 FT944-4649 0
448 0 FT944-8975 0
448 0 LA010490-0017 0
448 0 LA010490-0037 0
448 0 LA010490-0057 0
448 0 LA010589-0124 2
448 0 LA010689-0041 2
448 0 LA011589-0130 0
448 0 LA012190-0213 0
448 0 LA012690-0108 2
448 0 LA020889-0093 2
448 0 LA020990-0120 0
448 0 LA021689-0098 2
448 0 LA021690-0065 2
448 0 LA022689-0005 0
448 0 LA030589-0073 1
448 0 LA032290-0215 0
448 0 LA040590-0149 0
448 0 LA041589-0050 2
448 0 LA042489-0051 0
448 0 LA050490-0056 2
448 0 LA051090-0143 2
448 0 LA060189-0027 0
448 0 LA061190-0090 0
448 0 LA062589-0156 0
448 0 LA071189-0127 0
448 0 LA072589-0007 0
448 0 LA080190-0139 3
448 0 LA081089-0114 0
448 0 LA082690-0119 1
448 0 LA082690-0123 0
448 0 LA091189-0050 1
448 0 LA092889-0093 0
448 0 LA101190-0007 0
448 0 LA101289-0146 2
448 0 LA102390-0139 0
448 0 LA110190-0244 0
448 0 LA111190-0047 2
448 0 LA111390-0147 1
448 0 LA111990-0047 0
448 0 LA120389-0130 0
448 0 LA121989-0106 2
448 0 LA122089-0059 0
448 0 LA122589-0032 2
448 0 LA123190-0041 0
